,len,PUNCT,AUX,ADV,PART,CCONJ,NOUN,SCONJ,VERB,ADP,PROPN,PRON,NUM,ADJ,advmod:emph,obl:arg,aux,flat,conj:expl,nsubj,root,advcl,mark,det,advcl:pred,csubj,xcomp,obl,nmod,advcl:cmpr,cc,nsubj:pass,discourse,csubj:pass,acl,expl:pass,amod,nummod,conj,appos,case,xcomp:pred,aux:pass,advmod:neg,cop,obj,ccomp,fixed,acl:relcl,advmod,orphan,punct
len,1.0,-0.9272908621524438,-0.1616262515423091,0.30542960940996666,0.3051771877147258,0.060414432558535264,0.25606898204422396,0.2737785442917369,0.443135606621156,-0.11903366579040837,-0.3114226260904845,-0.2653021125663241,-0.5167950126569616,0.2242254534596526,0.024895367670041364,-0.11308956440632754,-0.2771639566282866,-0.04221663476501858,0.08470408874595345,0.1767297235395277,-0.9417136519575814,0.4266261741857089,0.2552378265925767,-0.3810635152751635,-0.2848828337385516,-0.3777472616969753,0.3986641219535555,0.1527316908739862,0.031361789920682406,-0.4737557312787152,0.03249020261321146,-0.19591921400243423,-0.28301017918198684,0.26635940496339894,0.039524888106541735,-0.18178160525247186,0.29713480364120803,-0.3248165814456999,0.3868795656001965,0.11601959267257038,0.042139808529289516,-0.051465537015516434,-0.38634327509720423,-0.28911036851724103,0.0014214453074011884,0.2044800408555082,0.1117597111877383,-0.053672259895197895,0.19238584851712517,0.5328362961854449,0.3041323235609413,-0.9377061141291886
PUNCT,-0.9272908621524438,1.0,0.019500413363686873,-0.17079442920428983,-0.17294465278484736,-0.185685567329363,-0.22163963585472482,-0.25094622357235813,-0.43039255767808976,0.1470688929908965,0.34265927025342396,0.07981019286823314,0.5880278940320287,-0.16205034929269116,0.10052226029512887,0.07575646490848253,0.22566623986208542,0.07510591788429331,-0.05982581521793015,-0.1608258553171281,0.9844431106009227,-0.3302164736074377,-0.19752498902101367,0.28973623694603756,0.20790979494054457,0.30114422257032375,-0.43991929351228215,-0.05289721477723653,-0.10795849507111555,0.4617681067956885,-0.13771542537947137,0.09998782760019825,0.2561753980923553,-0.07462406525153724,-0.17753275883046585,0.2520896544249099,-0.3083882378239967,0.25821614261346887,-0.3675215027254897,-0.12063445877016264,-0.03970580707120527,-0.06218707944352153,0.4516098195595283,0.19903892087632902,-0.17282852003801982,-0.08444547873214182,-0.013553807876979405,0.011846044752474765,-0.3264318976434213,-0.3418279904478619,-0.33263590112131436,0.9908100156700861
AUX,-0.1616262515423091,0.019500413363686873,1.0,-0.23711583362239477,-0.020678562565382988,0.03231995499378314,-0.19660045057731176,0.1813818662688778,-0.404550533191645,-0.4494490761400337,-0.20932546219415638,0.09678305684633817,0.10754423626464803,-0.03849150439997975,-0.020478403080569932,-0.2794478621056685,0.09862117332143219,-0.17468296326927799,0.03893805109461665,-0.041662621650700775,0.01619126474206367,-0.036146292187439366,0.06295879265758486,0.4080177228580197,-0.0874486796922871,0.2892889322937002,0.0127072270410104,-0.35664422442908533,0.06947520231519892,0.29687384620460827,-0.005724598563048003,0.5368218772997386,0.10693173493296682,-0.4770516934836789,0.28669929832446406,0.4723857623007209,-0.4109701789362129,0.2352194759347661,-0.2687286218443281,-0.022702859738970186,-0.45570258530690216,0.05254147319331505,0.5932727269076777,-0.1326026597675718,0.9245684356674525,-0.563923922533066,-0.23461533982713942,0.346650691428187,0.382482770102941,-0.19372214086141248,-0.27243742636961765,0.04498947346452606
ADV,0.30542960940996666,-0.17079442920428983,-0.23711583362239477,1.0,-0.17142320800011185,-0.2806224193797925,-0.2767820944263241,-0.02387473264032215,-0.2051002005391656,0.12570428290757563,-0.32582539633421176,-0.1849260829435001,0.4071669061562506,0.23269290539845094,0.4871509987119567,0.13292206001371476,-0.469836411026453,-0.30209079100676317,0.3827254198456761,0.17119266399123853,-0.18686649590210083,-0.09107244969062132,-0.01835226190789701,-0.014292915581106408,-0.248881201542453,-0.3160693494223603,0.08087582716619733,-0.2643142638923422,-0.19184206621707225,-0.0745084655542538,-0.130540234599055,-0.438127538681275,0.1193529005379538,0.36738624296564076,-0.01065083523571725,0.14661620123009514,0.1977820938206194,0.2669465089099216,-0.044055679779595895,0.3659450144521737,0.09108877824733973,-0.2232025101942256,-0.2169677465109972,0.07283523294826622,-0.1592558437733059,0.33236636409924813,0.07486141436345053,0.0032599730386603915,-0.19458783952879688,0.8322079775855089,0.2674413722367907,-0.21516137773322308
PART,0.3051771877147258,-0.17294465278484736,-0.020678562565382988,-0.17142320800011185,1.0,-0.16586013769013822,0.21840466138622514,0.08328251056025272,0.11640149291915558,-0.45336838363823273,0.0791523674281926,-0.15836357350677868,-0.004385677059493003,0.13219903246302112,0.42621108213888603,-0.18725899560043283,-0.026854846677792265,0.41399940406022917,0.04965708716395497,0.5971342935615878,-0.23020776419844843,-0.038693098591219464,0.09315517055705834,-0.2225967203479629,0.4127864038708639,0.2314722535741383,0.20713145670579106,-0.04633344946218343,0.3871092031355406,-0.47177936871108633,-0.19873637953312787,-0.2561783211709077,-0.14195573369226808,0.28659682127960007,-0.2366124690459053,-0.09037471811893344,-0.17150961758254957,0.19737732060603952,-0.1336794004297741,-0.03536546059491668,-0.4575506549237444,-0.18433614190832373,0.13502678685869662,0.21810414007172388,-0.13701084791893378,-0.0089239668364822,0.5169163275826274,-0.3188784094858988,-0.09561922252781704,0.13619261200585603,-0.17690037405460635,-0.16600165372465103
CCONJ,0.060414432558535264,-0.185685567329363,0.03231995499378314,-0.2806224193797925,-0.16586013769013822,1.0,0.28585560372644064,-0.31810175713820243,-0.022789263502118393,-0.25699267282428556,0.17607543700444614,-0.12754164385232855,-0.4305317978297844,-0.11310862591074547,-0.41880120010874744,-0.3979972446576713,0.569547955398277,-0.1577095045938236,0.09537031242696675,-0.146951978971194,-0.1409853852582428,-0.015626353499403493,-0.2962812687668208,-0.25383905859376266,-0.25047171366314197,-0.4194113314590784,0.2876093150547637,0.2447620690009825,-0.2422954615289987,-0.2750568600898313,0.9381665022531764,-0.21265873197576815,0.10908196964925071,-0.2950883628390536,0.027783257065433723,-0.2567699685419556,0.3384036916701908,-0.20099715080769254,0.779505354814831,0.15097993880363275,-0.2827538349614136,0.25940255202349694,-0.30028768959517904,0.033778301639172434,0.11617038928493019,0.04042995309374427,0.027283247851539422,-0.2008387071183805,-0.21760009637153274,-0.30234390819172724,0.2499243952935818,-0.2204771718108118
NOUN,0.25606898204422396,-0.22163963585472482,-0.19660045057731176,-0.2767820944263241,0.21840466138622514,0.28585560372644064,1.0,0.0724653458406955,0.1492426363662674,-0.37397389662748187,0.5455099977974796,-0.6614930837957181,-0.1959765634505483,-0.3508091875478143,-0.2759340682664933,-0.2455038458844701,0.5664751444880711,0.2564067306117672,-0.11225137080775893,-0.1327356381052995,-0.23381246505844802,0.10234274475937606,-0.012190202024705155,-0.22536802321360372,-0.1435094027203043,-0.42414061864372243,0.5307402388076501,0.504773325645401,0.11051859112650096,-0.08094708308556556,0.18332707856541872,-0.17070586354178743,-0.2951925385395973,0.17133711190766254,0.0013714937442550837,-0.15752117429049284,-0.11217735654982423,-0.24553406649730666,0.2837544818317579,0.04148457935828143,-0.290696085924291,0.32746913132608196,-0.17360526438015994,-0.1529983371955886,-0.19918887798872562,0.1399984126998948,0.3796119528730432,-0.3885079288100828,-0.17736891351278855,0.019487429613942113,-0.37182485551040223,-0.2091604414230947
SCONJ,0.2737785442917369,-0.25094622357235813,0.1813818662688778,-0.02387473264032215,0.08328251056025272,-0.31810175713820243,0.0724653458406955,1.0,-0.10220395720604884,-0.30420158101185185,-0.049861062863622546,0.04335727058657998,-0.1592075009989203,-0.3052364321507066,-0.2450244224548124,0.13446697998521703,-0.41133760178900725,0.23157704474392762,0.11889967557105736,0.3100706979424948,-0.31278615386652603,0.45684513026578516,0.9275401684088262,0.389521267960765,-0.03984419729734969,0.15175458931861127,-0.12201541506762845,-0.22265941807941134,-0.24382134949768167,0.16895964867696808,-0.4039053708002076,0.40489868402001694,0.03769682469162182,0.26081208943620504,-0.12247376206633341,0.17310260731566965,-0.3288128777331789,-0.29339530083623877,-0.15099175723096536,0.08246054184260153,-0.07829345922157652,0.36856986486557747,0.015576853956436047,-0.23263028986978046,0.22062995045087022,-0.23660628005996512,-0.2153162749882918,0.504295871955272,0.025565930464455284,0.2303472138473582,-0.27201601135143444,-0.2526306140344597
VERB,0.443135606621156,-0.43039255767808976,-0.404550533191645,-0.2051002005391656,0.11640149291915558,-0.022789263502118393,0.1492426363662674,-0.10220395720604884,1.0,0.41709320406010425,-0.16788370519594242,0.1471442904395867,-0.6115878901059446,-0.08506239424803173,-0.2719630514298912,0.20536225621070703,0.024299567000522136,-0.01706520752032011,-0.14425290241239078,-0.04486563571944569,-0.42226260300519475,0.2745599931637093,0.09206780894847627,-0.4887600825361792,0.051372197407737206,0.08661186325671316,0.08626130790937159,0.43480176035612944,-0.05403256800830384,-0.43347496995338436,-0.15035560435183473,-0.086104252952793,-0.5069848938792236,-0.0391083309628968,-0.057581149635398544,-0.38039973074428035,0.10523578232214169,-0.4849114498765629,0.11662716294865785,-0.29296315875533674,0.49400124228102404,0.002999672249226423,-0.3000541811313944,-0.16974402710612468,-0.2554282499317375,0.3813852235293928,0.17643155161973795,-0.12091070286270376,0.4842306990084652,-0.05704737273907911,0.23977379677985902,-0.41488023073937197
ADP,-0.11903366579040837,0.1470688929908965,-0.4494490761400337,0.12570428290757563,-0.45336838363823273,-0.25699267282428556,-0.37397389662748187,-0.30420158101185185,0.41709320406010425,1.0,-0.3665855393694784,0.24877555166863277,-0.14161981642460134,0.23324589312890207,-0.17506574151776536,0.17057095774309836,-0.17934584288127273,-0.1853193034355424,-0.4084676031569322,-0.2999601621493409,0.17820652741166898,0.2498475017755512,-0.21901776045000534,-0.16146053010275466,-0.1230385396953434,0.10541756605676865,-0.45530294681496736,0.19314957811505248,-0.1786301475319907,-0.09551489237734942,-0.13407416456793053,0.11250609823649989,0.13972889853204032,0.11138140455612573,-0.18007819581858683,-0.43559887303976297,0.4343788090785578,-0.2080695669528729,-0.09210182647087528,-0.2550578651298299,0.9397711021417203,-0.032678991361160564,-0.06794819417122194,-0.2670274754307755,-0.44170447064682145,0.16156808573248818,-0.28362226260574885,0.08721982785923259,0.24336113456012787,-0.10875282878881064,0.27641352816749515,0.13929994590288178
PROPN,-0.3114226260904845,0.34265927025342396,-0.20932546219415638,-0.32582539633421176,0.0791523674281926,0.17607543700444614,0.5455099977974796,-0.049861062863622546,-0.16788370519594242,-0.3665855393694784,1.0,-0.17702967226996397,0.07923426286761774,-0.4907388279898153,0.035625139687862385,0.23858557289133295,0.43818397242352186,0.44712388413731746,0.10881673498612164,-0.11162148035955227,0.30815757486824435,-0.28537338502837234,-0.06802810235278106,0.12864245772456986,0.2672033316072627,-0.28603028397205493,0.46298123155001963,0.34713058194685775,0.21389731658517655,0.31137543698895853,0.032652578388589454,-0.2981791760159683,-0.2193489440602832,-0.2860667390251797,-0.04562093041582537,0.14985072567340516,-0.42398296401457697,-0.16825239582113452,-0.005852434131946883,0.01946941156259073,-0.334438442138293,-0.12450542021072246,0.038995991725719555,0.3350164744392149,-0.3302460732864134,0.12111164438340663,0.3281241645975399,-0.1478577130226105,-0.38410144315247224,-0.2987597988084333,-0.1896022149680512,0.3460243036338507
PRON,-0.2653021125663241,0.07981019286823314,0.09678305684633817,-0.1849260829435001,-0.15836357350677868,-0.12754164385232855,-0.6614930837957181,0.04335727058657998,0.1471442904395867,0.24877555166863277,-0.17702967226996397,1.0,-0.2412975782865159,-0.09297779557525296,0.04168535436354535,0.5643276881515356,-0.21851743797373338,0.07451409582487933,0.08787759668792404,0.23554834452845197,0.12052634569726448,-0.31172219565376763,0.19348710848779876,0.1116491611415673,0.4103325597785265,0.5914892201371076,-0.334855079757749,-0.2599076951080356,0.0017033222343611927,0.014497170298081128,-0.22235899685012067,0.08498508935952247,0.2089388280773158,-0.40817475498179173,0.051557718511677966,-0.04572901564720768,-0.11155239661646559,-0.0876542920101154,-0.3062662278118343,-0.04355498798748043,0.32879588752507827,-0.17050584418745485,0.0758479264833766,0.24511348464817284,0.08603224753924983,-0.09884062462955237,-0.08402128882841613,0.3780483997854414,0.39535229599680505,-0.42358254718886107,0.26714714727025257,0.09423467350318672
NUM,-0.5167950126569616,0.5880278940320287,0.10754423626464803,0.4071669061562506,-0.004385677059493003,-0.4305317978297844,-0.1959765634505483,-0.1592075009989203,-0.6115878901059446,-0.14161981642460134,0.07923426286761774,-0.2412975782865159,1.0,0.14125572487161114,0.47696569407219236,-0.012069840955475593,-0.22090787615333615,-0.09790575857911916,0.18260096903637513,0.02176517278856235,0.5696230919062566,-0.412001960055617,-0.255495683028498,0.3644285772889943,0.16652738047430127,0.09445253569214541,-0.10611444822329573,-0.42985919580160026,0.20561469861385784,0.39656866188808587,-0.2721874825559438,-0.044126871809863015,0.061570096756333466,0.20018336059270148,0.09543213236119322,0.4282348677074583,-0.22074755450285552,0.7836945760110414,-0.48259079409206285,0.09431512499482678,-0.33641943298616994,-0.15751898307678353,0.18081802118387,0.40332161393387345,0.03209713007067324,-0.046213681117664454,-0.023850167772562707,-0.1667892146585587,-0.3985869995545877,0.29172050408049155,-0.26608121931848894,0.6026569274937114
ADJ,0.2242254534596526,-0.16205034929269116,-0.03849150439997975,0.23269290539845094,0.13219903246302112,-0.11310862591074547,-0.3508091875478143,-0.3052364321507066,-0.08506239424803173,0.23324589312890207,-0.4907388279898153,-0.09297779557525296,0.14125572487161114,1.0,0.24731118877050212,-0.35607318972923196,-0.4148069313489634,-0.1999374416322751,-0.27487082409513874,-0.23767628996570103,-0.08298840466447857,0.04734673559656361,-0.38041709998670786,-0.3982083631779193,-0.2514250726687413,-0.03227953425591157,-0.2596080030450145,-0.07321696208860293,0.37657953754578716,-0.036314039988566194,0.07814525661542689,0.11208696976768334,0.15560129025309988,0.33118895064154336,0.2722627248716027,-0.014177029928457421,0.6347700456870847,0.3086730595748744,0.20066068008812213,0.05970792489549799,0.10921919558733756,-0.42935648425098966,-0.10846318329921693,-0.07160681214782443,-0.0024946222749458557,-0.018385810190120998,-0.2591052687668754,-0.24167893026141418,-0.10513584208879621,0.11969551306385803,0.3440675272033905,-0.12360724160697165
advmod:emph,0.024895367670041364,0.10052226029512887,-0.020478403080569932,0.4871509987119567,0.42621108213888603,-0.41880120010874744,-0.2759340682664933,-0.2450244224548124,-0.2719630514298912,-0.17506574151776536,0.035625139687862385,0.04168535436354535,0.47696569407219236,0.24731118877050212,1.0,0.34138061007728077,-0.24360919108239454,0.23805272652092152,0.16110249366781873,0.3328859780503252,0.0602079012555162,-0.42573092474904967,-0.2637021595656282,0.11194566005587754,0.46122180826795367,-0.012862717662278091,0.09610676979161721,-0.28319951662963033,0.37361223002313804,0.005319925010657354,-0.33125366207951457,-0.5278097862885889,-0.07798811765438231,0.058774986159779136,0.06100556435239663,0.262273909554198,-0.21635639828211023,0.4582509852515312,-0.34232981905454185,0.141776068498335,-0.21506905942348273,-0.6960307165721209,0.20081591201070642,0.35962455578216956,-0.13809519720462216,0.08138034403386019,0.39954203668900073,-0.06417586961187648,-0.11094377601370224,0.3195275237555919,0.058559966330674035,0.10122890486545731
obl:arg,-0.11308956440632754,0.07575646490848253,-0.2794478621056685,0.13292206001371476,-0.18725899560043283,-0.3979972446576713,-0.2455038458844701,0.13446697998521703,0.20536225621070703,0.17057095774309836,0.23858557289133295,0.5643276881515356,-0.012069840955475593,-0.35607318972923196,0.34138061007728077,1.0,-0.26891826928566204,0.2398040667322647,0.08233351905795708,0.09288160214947647,0.06092251181807845,-0.28152874578322284,0.24207964848332952,0.2870118108256055,0.541810183538396,0.06086654604609613,-0.0738104489049918,-0.12025051994269331,0.03756901305711709,0.3052119020161994,-0.4900410357234188,-0.22606943959945447,-0.33964670063718155,-0.24736720251932637,0.07743676510512626,0.15614942457591008,-0.380186358102188,-0.2172786488346679,-0.316105140463199,-0.005714264465781173,0.32798431309128745,-0.32316417857998286,-0.16479930559922953,0.2583564667416103,-0.2234497058615322,0.24629576260035935,0.11989842525618356,0.28279331689808185,0.23265092608780663,-0.07407372683362172,0.06769523618971031,0.09108378504593807
aux,-0.2771639566282866,0.22566623986208542,0.09862117332143219,-0.469836411026453,-0.026854846677792265,0.569547955398277,0.5664751444880711,-0.41133760178900725,0.024299567000522136,-0.17934584288127273,0.43818397242352186,-0.21851743797373338,-0.22090787615333615,-0.4148069313489634,-0.24360919108239454,-0.26891826928566204,1.0,0.1483622529434449,-0.06666666666666661,-0.23876448705888723,0.2428413418324022,-0.22944153654105956,-0.3663135854851344,-0.238555778369221,-0.0971629187603026,-0.08116603509480237,0.21686385506810563,0.552105229098427,-0.11182246610449223,-0.06666666666666665,0.4362295062276459,-0.2133857770376489,0.08114301402645795,-0.2849408494592423,0.040118352324820576,-0.12030579726300886,-0.16425022533856487,-0.16946950668077526,0.24150020538839786,-0.06666666666666662,-0.20623697134172234,0.17677889308889413,0.2840124013774607,-0.15897001467459462,-0.025062909739017643,-0.05374052181266253,0.41214423640182557,-0.20073415297934108,-0.03932732137863081,-0.43491281559398837,-0.23751050728011194,0.2142036958871869
flat,-0.04221663476501858,0.07510591788429331,-0.17468296326927799,-0.30209079100676317,0.41399940406022917,-0.1577095045938236,0.2564067306117672,0.23157704474392762,-0.01706520752032011,-0.1853193034355424,0.44712388413731746,0.07451409582487933,-0.09790575857911916,-0.1999374416322751,0.23805272652092152,0.2398040667322647,0.1483622529434449,1.0,-0.09307400365613772,0.22385065467727416,0.02017944558253234,0.11963832337040972,0.14575633969851265,0.17326262824144295,0.5619192476983053,0.2169778453859744,-0.016177651577984415,0.3272063206275538,0.20381406989136486,-0.01847274890323662,-0.27815673387943873,-0.27433553076852707,0.03048691762728173,0.11640171264284356,0.07785439418082607,-0.18447660524920093,-0.3704012651960916,0.0001956104927405833,-0.17732132540981466,-0.09586829855163932,-0.021634342535194834,-0.2287758197340005,0.21790990512739608,0.15952205836784591,-0.34514159489085744,-0.3080039685677508,0.29051472750044804,0.35164630220055143,-0.3457901707222336,-0.30060076428398186,0.0063199331590717165,0.11642551342798516
conj:expl,0.08470408874595345,-0.05982581521793015,0.03893805109461665,0.3827254198456761,0.04965708716395497,0.09537031242696675,-0.11225137080775893,0.11889967557105736,-0.14425290241239078,-0.4084676031569322,0.10881673498612164,0.08787759668792404,0.18260096903637513,-0.27487082409513874,0.16110249366781873,0.08233351905795708,-0.06666666666666661,-0.09307400365613772,1.0,0.2792088482151712,-0.11522310285990796,-0.3544802661437574,0.22362021971564117,-0.0005758384596516675,-0.09716291876030278,0.054959670661999326,0.35822714189722826,-0.00904642654973773,-0.07660588446651224,-0.06666666666666668,-0.05594839277691859,-0.40909492214753584,-0.03377234480770615,-0.139152315818006,0.17060851051372922,0.4531392740668232,-0.1651050094258446,0.20467569664453625,-0.027290673098431684,-0.0666666666666667,-0.39380156385656306,-0.17136501230037593,0.005899655050619649,0.20232535831048673,0.1182812551272157,-0.04510139698332289,0.09421726714575548,0.13515844955872283,-0.27544345073062654,0.4978876208583169,0.3960913496184871,-0.11575775933600625
nsubj,0.1767297235395277,-0.1608258553171281,-0.041662621650700775,0.17119266399123853,0.5971342935615878,-0.146951978971194,-0.1327356381052995,0.3100706979424948,-0.04486563571944569,-0.2999601621493409,-0.11162148035955227,0.23554834452845197,0.02176517278856235,-0.23767628996570103,0.3328859780503252,0.09288160214947647,-0.23876448705888723,0.22385065467727416,0.2792088482151712,1.0,-0.22667367329274263,-0.09089984427795016,0.3674795063554066,0.13182676650485048,0.48274899728915865,0.3116691152589489,0.10927149109270841,-0.5076487114178941,-0.09657492403855164,-0.6127698738250494,-0.13574026368968506,-0.33520733477061204,0.24191976968450446,0.24272818745191083,-0.5572128961124598,-0.3008289252387746,-0.2051402508389086,0.202205807358425,-0.2953167436240738,0.29251721168245176,-0.2611452674443292,0.2078276367989468,-0.03601789213938735,0.4358106303333159,-0.13266739738323222,0.08963408221340993,0.4543862800973455,-0.03582184136009112,-0.026079357293954858,0.27927759175064903,-0.1447112715215591,-0.20239190522080563
root,-0.9417136519575814,0.9844431106009227,0.01619126474206367,-0.18686649590210083,-0.23020776419844843,-0.1409853852582428,-0.23381246505844802,-0.31278615386652603,-0.42226260300519475,0.17820652741166898,0.30815757486824435,0.12052634569726448,0.5696230919062566,-0.08298840466447857,0.0602079012555162,0.06092251181807845,0.2428413418324022,0.02017944558253234,-0.11522310285990796,-0.22667367329274263,1.0,-0.3939284304970009,-0.25099276118116676,0.19985410910749818,0.1615285751687587,0.3096521350408576,-0.47351773597592023,-0.04809376351470484,-0.08838446239295174,0.484468332399649,-0.08689700696190532,0.12218166799532264,0.29715199899075,-0.07244615619019588,-0.1101552158222176,0.2304650094072476,-0.2365006386282995,0.2608933794402103,-0.32109010969833046,-0.047450029642072414,-0.017363862343108404,-0.05941251408731601,0.39464637263777674,0.21497021886022888,-0.15993055418708907,-0.034576659343907204,-0.011853985887122838,-0.050132098980087914,-0.301013069288236,-0.40023751096486787,-0.3223019501500094,0.9868611027791485
advcl,0.4266261741857089,-0.3302164736074377,-0.036146292187439366,-0.09107244969062132,-0.038693098591219464,-0.015626353499403493,0.10234274475937606,0.45684513026578516,0.2745599931637093,0.2498475017755512,-0.28537338502837234,-0.31172219565376763,-0.412001960055617,0.04734673559656361,-0.42573092474904967,-0.28152874578322284,-0.22944153654105956,0.11963832337040972,-0.3544802661437574,-0.09089984427795016,-0.3939284304970009,1.0,0.3561443242162078,0.15053867478115632,-0.2501262798083823,-0.17680440060347993,-0.17356728323239604,0.17398750607323019,-0.36642375613242373,-0.1726623597068029,0.026734449221074763,0.3781722595547644,-0.06927710138341876,0.25437927723179676,-0.23663547391311654,-0.31663735284356265,0.15292258956278942,-0.4097409667316708,0.24024423549354046,-0.18857832484878564,0.3471294563190878,0.30621973129686375,-0.03998114669765662,-0.49914986622834456,0.01637062064758815,-0.18771739173298596,-0.40748716663730794,0.40596210540238553,0.033020779470115724,0.07550306172329825,0.05994680711581475,-0.3411018426233276
mark,0.2552378265925767,-0.19752498902101367,0.06295879265758486,-0.01835226190789701,0.09315517055705834,-0.2962812687668208,-0.012190202024705155,0.9275401684088262,0.09206780894847627,-0.21901776045000534,-0.06802810235278106,0.19348710848779876,-0.255495683028498,-0.38041709998670786,-0.2637021595656282,0.24207964848332952,-0.3663135854851344,0.14575633969851265,0.22362021971564117,0.3674795063554066,-0.25099276118116676,0.3561443242162078,1.0,0.19420103090064306,-0.046485165341376526,0.2545263610766928,-0.18900284774915746,-0.15024763629045276,-0.4068022443253566,0.08220165243595404,-0.43420781742025777,0.29542850045999175,0.0216526782407618,0.23405123444827958,-0.22238738469873567,0.17902735221275903,-0.36055985441105437,-0.4393232278483306,-0.12678621172425283,0.1140874038649444,-0.010155440805747805,0.3318563155165204,-0.008804614800494492,-0.20228400920220516,0.12296101266430907,-0.011116023844697802,-0.053257442822469574,0.4483371751765721,0.09884288198613356,0.23057755775648145,-0.22574565174028813,-0.21450843930507277
det,-0.3810635152751635,0.28973623694603756,0.4080177228580197,-0.014292915581106408,-0.2225967203479629,-0.25383905859376266,-0.22536802321360372,0.389521267960765,-0.4887600825361792,-0.16146053010275466,0.12864245772456986,0.1116491611415673,0.3644285772889943,-0.3982083631779193,0.11194566005587754,0.2870118108256055,-0.238555778369221,0.17326262824144295,-0.0005758384596516675,0.13182676650485048,0.19985410910749818,0.15053867478115632,0.19420103090064306,1.0,0.4071195770641253,0.037812890696630054,-0.07740583714379559,-0.5259865653047948,-0.03427982140375326,0.4056551836765084,-0.19963199306871476,0.3156228251493821,-0.0402590773730933,-0.2866946239203519,-0.05967550993656485,0.22287571208472862,-0.4738967258472886,0.247160514704043,-0.4355370222057601,-0.14552184666418852,-0.10790194286614894,0.15858069022312302,0.24668293645177963,0.1519741205456144,0.3457498796019836,-0.4937430689021901,-0.41517188787667497,0.5455997019339474,-0.0066810825224033615,-0.09736811998410581,-0.25283538488850155,0.28786518341557926
advcl:pred,-0.2848828337385516,0.20790979494054457,-0.0874486796922871,-0.248881201542453,0.4127864038708639,-0.25047171366314197,-0.1435094027203043,-0.03984419729734969,0.051372197407737206,-0.1230385396953434,0.2672033316072627,0.4103325597785265,0.16652738047430127,-0.2514250726687413,0.46122180826795367,0.541810183538396,-0.0971629187603026,0.5619192476983053,-0.09716291876030278,0.48274899728915865,0.1615285751687587,-0.2501262798083823,-0.046485165341376526,0.4071195770641253,1.0,0.3252508970960907,-0.026564713223809995,-0.3192069191219591,0.31874326516661516,-0.0971629187603027,-0.273788192887271,-0.24495312852185264,-0.23817558641526096,-0.1698663641157335,-0.11820656073996118,-0.17533893608788761,-0.42772837539687647,0.2999086644106047,-0.43184741027920553,-0.09716291876030268,-0.08661976949936692,-0.18298397426192628,-0.0007889631233480741,0.6271672410082808,-0.17442104143636336,-0.06909744582330547,0.2719899214075388,0.05248335191741389,0.010147656207236627,-0.3447503475079709,-0.11731575189626149,0.24465566711218031
csubj,-0.3777472616969753,0.30114422257032375,0.2892889322937002,-0.3160693494223603,0.2314722535741383,-0.4194113314590784,-0.42414061864372243,0.15175458931861127,0.08661186325671316,0.10541756605676865,-0.28603028397205493,0.5914892201371076,0.09445253569214541,-0.03227953425591157,-0.012862717662278091,0.06086654604609613,-0.08116603509480237,0.2169778453859744,0.054959670661999326,0.3116691152589489,0.3096521350408576,-0.17680440060347993,0.2545263610766928,0.037812890696630054,0.3252508970960907,1.0,-0.47636860831148764,-0.15440890507682375,0.05354774371130831,-0.0471877126598386,-0.5061111296522988,0.29803490890942824,0.2967681887727105,-0.008020986785618195,0.03111392580532867,0.029871783407994783,-0.3225102767766653,0.2638037827581972,-0.6277933099250075,-0.2078375305413238,0.09055886766943691,0.019343209915033868,0.48464668430252206,0.09968379134554331,0.1645240715506489,-0.33652383313586853,0.043019214294285416,0.27440668929666256,0.25350459605900855,-0.29014670158532835,-0.12291277726791304,0.340195474999093
xcomp,0.3986641219535555,-0.43991929351228215,0.0127072270410104,0.08087582716619733,0.20713145670579106,0.2876093150547637,0.5307402388076501,-0.12201541506762845,0.08626130790937159,-0.45530294681496736,0.46298123155001963,-0.334855079757749,-0.10611444822329573,-0.2596080030450145,0.09610676979161721,-0.0738104489049918,0.21686385506810563,-0.016177651577984415,0.35822714189722826,0.10927149109270841,-0.47351773597592023,-0.17356728323239604,-0.18900284774915746,-0.07740583714379559,-0.026564713223809995,-0.47636860831148764,1.0,0.14880026420784898,0.35795322981429223,-0.2345947746673302,0.19166878562768244,-0.4004776804185225,-0.37589214399964294,-0.34869217811967546,0.049442734527393235,0.021980231198403227,-0.12580351188153335,0.001965522183467541,0.07491403408782868,0.07737003085429715,-0.42169917048159666,-0.07787429472348982,-0.16832999566449072,0.26503083997630833,0.027839819475388942,0.16754043370519775,0.3192299981313928,-0.3120573715197311,0.028255946205150928,0.23759685485716125,0.12428072041836553,-0.4521237639557444
obl,0.1527316908739862,-0.05289721477723653,-0.35664422442908533,-0.2643142638923422,-0.04633344946218343,0.2447620690009825,0.504773325645401,-0.22265941807941134,0.43480176035612944,0.19314957811505248,0.34713058194685775,-0.2599076951080356,-0.42985919580160026,-0.07321696208860293,-0.28319951662963033,-0.12025051994269331,0.552105229098427,0.3272063206275538,-0.00904642654973773,-0.5076487114178941,-0.04809376351470484,0.17398750607323019,-0.15024763629045276,-0.5259865653047948,-0.3192069191219591,-0.15440890507682375,0.14880026420784898,1.0,-0.012268383227446925,-0.019393747989128907,0.06696039450246657,-0.23360157966724615,-0.15365842476885355,-0.014906701683917018,0.25179422624588965,-0.09009006822579133,0.09491296715957351,-0.4535109485426654,0.34742979146965397,-0.3299879297303475,0.258690503037932,-0.21420766785747192,0.10092831406250519,-0.4238419350062825,-0.37415424749797066,0.026588623208516866,0.1700366126976318,0.01871926812850156,-0.15523460909033793,-0.16956482712978754,0.2873465446313731,-0.04733396452060064
nmod,0.031361789920682406,-0.10795849507111555,0.06947520231519892,-0.19184206621707225,0.3871092031355406,-0.2422954615289987,0.11051859112650096,-0.24382134949768167,-0.05403256800830384,-0.1786301475319907,0.21389731658517655,0.0017033222343611927,0.20561469861385784,0.37657953754578716,0.37361223002313804,0.03756901305711709,-0.11182246610449223,0.20381406989136486,-0.07660588446651224,-0.09657492403855164,-0.08838446239295174,-0.36642375613242373,-0.4068022443253566,-0.03427982140375326,0.31874326516661516,0.05354774371130831,0.35795322981429223,-0.012268383227446925,1.0,0.11481233602023547,-0.22823575801534743,0.010350523207294772,-0.3142816661532989,-0.1597386517839729,0.4063817966899308,0.13881539658848063,0.06501213140321951,0.41542448070140015,-0.2640187380364566,-0.32061828254461944,-0.19707103563907488,-0.4682913762457833,0.04015391045150146,0.22817369646282376,0.01973604525076927,-0.26991417315726607,-0.04127668810446348,-0.32124311774629505,0.0665427501871278,-0.12167691656768845,0.0907354165691726,-0.04158698533692767
advcl:cmpr,-0.4737557312787152,0.4617681067956885,0.29687384620460827,-0.0745084655542538,-0.47177936871108633,-0.2750568600898313,-0.08094708308556556,0.16895964867696808,-0.43347496995338436,-0.09551489237734942,0.31137543698895853,0.014497170298081128,0.39656866188808587,-0.036314039988566194,0.005319925010657354,0.3052119020161994,-0.06666666666666665,-0.01847274890323662,-0.06666666666666668,-0.6127698738250494,0.484468332399649,-0.1726623597068029,0.08220165243595404,0.4056551836765084,-0.0971629187603027,-0.0471877126598386,-0.2345947746673302,-0.019393747989128907,0.11481233602023547,1.0,-0.30557910300235214,0.43191294206425296,-0.15001745748750434,-0.24366649700762924,0.4719590262555585,0.7230452387249996,-0.35919193692682755,-0.001359415550045366,-0.19120878089875795,-0.06666666666666667,-0.07408508019668991,-0.23185376285867065,0.24566740258267236,-0.11552405862598888,0.30209934482874157,-0.19985193727310246,-0.3850019130785456,0.2932545278794244,-0.06023964228750373,-0.20313665170032474,-0.237510507280112,0.5089559526464584
cc,0.03249020261321146,-0.13771542537947137,-0.005724598563048003,-0.130540234599055,-0.19873637953312787,0.9381665022531764,0.18332707856541872,-0.4039053708002076,-0.15035560435183473,-0.13407416456793053,0.032652578388589454,-0.22235899685012067,-0.2721874825559438,0.07814525661542689,-0.33125366207951457,-0.4900410357234188,0.4362295062276459,-0.27815673387943873,-0.05594839277691859,-0.13574026368968506,-0.08689700696190532,0.026734449221074763,-0.43420781742025777,-0.19963199306871476,-0.273788192887271,-0.5061111296522988,0.19166878562768244,0.06696039450246657,-0.22823575801534743,-0.30557910300235214,1.0,-0.17839823225247528,0.2099827194326747,-0.14872234733029976,-0.07851456172481436,-0.3523993381341464,0.5133717112060234,-0.05543372357709465,0.7743381115832758,0.22247570688175647,-0.2230469857241062,0.29296174713128653,-0.3573958734000597,0.05340959875483476,0.06681763267194306,0.06632074503578694,-0.06262626152987619,-0.30259759440235134,-0.26852002784258555,-0.2178781292214503,0.20785453220163186,-0.17788123429224076
nsubj:pass,-0.19591921400243423,0.09998782760019825,0.5368218772997386,-0.438127538681275,-0.2561783211709077,-0.21265873197576815,-0.17070586354178743,0.40489868402001694,-0.086104252952793,0.11250609823649989,-0.2981791760159683,0.08498508935952247,-0.044126871809863015,0.11208696976768334,-0.5278097862885889,-0.22606943959945447,-0.2133857770376489,-0.27433553076852707,-0.40909492214753584,-0.33520733477061204,0.12218166799532264,0.3781722595547644,0.29542850045999175,0.3156228251493821,-0.24495312852185264,0.29803490890942824,-0.4004776804185225,-0.23360157966724615,0.010350523207294772,0.43191294206425296,-0.17839823225247528,1.0,0.028238065381879916,-0.11082370633751618,0.07723663655713792,0.20179283226744893,-0.04641882694482288,-0.11549695786751081,-0.19052125160373012,-0.25898562939565023,0.11521624734547288,0.3546699528431149,0.2553512082030939,-0.40868439620038405,0.5568900046496228,-0.4295440888019115,-0.6704843522707652,0.2582556770807861,0.3972910513641725,-0.30804804615297726,-0.3538141822901537,0.14018445441654837
discourse,-0.28301017918198684,0.2561753980923553,0.10693173493296682,0.1193529005379538,-0.14195573369226808,0.10908196964925071,-0.2951925385395973,0.03769682469162182,-0.5069848938792236,0.13972889853204032,-0.2193489440602832,0.2089388280773158,0.061570096756333466,0.15560129025309988,-0.07798811765438231,-0.33964670063718155,0.08114301402645795,0.03048691762728173,-0.03377234480770615,0.24191976968450446,0.29715199899075,-0.06927710138341876,0.0216526782407618,-0.0402590773730933,-0.23817558641526096,0.2967681887727105,-0.37589214399964294,-0.15365842476885355,-0.3142816661532989,-0.15001745748750434,0.2099827194326747,0.028238065381879916,1.0,0.2579687646458331,-0.2690829946385223,-0.269383460654509,0.2346841176947336,0.1326478261924187,-0.0513766300882417,0.38996072523610015,0.08615740247404292,0.22983422893716152,0.2908297990549275,-0.03552858329983067,-0.0946253789816644,-0.19597829866283523,0.017476875971412915,0.16519481563188143,-0.25047358546170523,-0.0853547134688362,-0.029021786164380645,0.22224952292954905
csubj:pass,0.26635940496339894,-0.07462406525153724,-0.4770516934836789,0.36738624296564076,0.28659682127960007,-0.2950883628390536,0.17133711190766254,0.26081208943620504,-0.0391083309628968,0.11138140455612573,-0.2860667390251797,-0.40817475498179173,0.20018336059270148,0.33118895064154336,0.058774986159779136,-0.24736720251932637,-0.2849408494592423,0.11640171264284356,-0.139152315818006,0.24272818745191083,-0.07244615619019588,0.25437927723179676,0.23405123444827958,-0.2866946239203519,-0.1698663641157335,-0.008020986785618195,-0.34869217811967546,-0.014906701683917018,-0.1597386517839729,-0.24366649700762924,-0.14872234733029976,-0.11082370633751618,0.2579687646458331,1.0,-0.23873856642726832,-0.2718472529187015,0.3463773482656667,0.12370779014978513,0.11260798847650427,0.24181952753666117,0.10390702725320596,0.23843077444036068,-0.2776714735994248,-0.15476685390416017,-0.4566022010835582,0.20158572860481372,0.1393449949105397,-0.24733746798885914,-0.43304678400728164,0.5007002044868133,-0.188211997190988,-0.0812612953993661
acl,0.039524888106541735,-0.17753275883046585,0.28669929832446406,-0.01065083523571725,-0.2366124690459053,0.027783257065433723,0.0013714937442550837,-0.12247376206633341,-0.057581149635398544,-0.18007819581858683,-0.04562093041582537,0.051557718511677966,0.09543213236119322,0.2722627248716027,0.06100556435239663,0.07743676510512626,0.040118352324820576,0.07785439418082607,0.17060851051372922,-0.5572128961124598,-0.1101552158222176,-0.23663547391311654,-0.22238738469873567,-0.05967550993656485,-0.11820656073996118,0.03111392580532867,0.049442734527393235,0.25179422624588965,0.4063817966899308,0.4719590262555585,-0.07851456172481436,0.07723663655713792,-0.2690829946385223,-0.23873856642726832,1.0,0.47315743623696016,-0.007933812392861044,0.26199810461416473,0.08070946359853973,-0.19150408178669512,-0.10604675914252398,-0.42498147716702356,0.014644394488550223,-0.09876265431194817,0.4238388937313149,-0.348161516708408,-0.2608070883904715,0.2095175260270176,0.01144283960092005,-0.09567559795173182,0.3454013220961286,-0.09536349421356305
expl:pass,-0.18178160525247186,0.2520896544249099,0.4723857623007209,0.14661620123009514,-0.09037471811893344,-0.2567699685419556,-0.15752117429049284,0.17310260731566965,-0.38039973074428035,-0.43559887303976297,0.14985072567340516,-0.04572901564720768,0.4282348677074583,-0.014177029928457421,0.262273909554198,0.15614942457591008,-0.12030579726300886,-0.18447660524920093,0.4531392740668232,-0.3008289252387746,0.2304650094072476,-0.31663735284356265,0.17902735221275903,0.22287571208472862,-0.17533893608788761,0.029871783407994783,0.021980231198403227,-0.09009006822579133,0.13881539658848063,0.7230452387249996,-0.3523993381341464,0.20179283226744893,-0.269383460654509,-0.2718472529187015,0.47315743623696016,1.0,-0.4458643109401043,0.137050780773774,-0.19402234332744084,-0.1203057972630089,-0.44484718926894984,-0.4177050371339511,0.36683488247294355,-0.09547494768472796,0.5091348953868652,-0.17686397482139382,-0.16876320838365366,0.20890322455938917,-0.015055835126038558,0.2136293954352369,-0.08798099340269783,0.2610924512116799
amod,0.29713480364120803,-0.3083882378239967,-0.4109701789362129,0.1977820938206194,-0.17150961758254957,0.3384036916701908,-0.11217735654982423,-0.3288128777331789,0.10523578232214169,0.4343788090785578,-0.42398296401457697,-0.11155239661646559,-0.22074755450285552,0.6347700456870847,-0.21635639828211023,-0.380186358102188,-0.16425022533856487,-0.3704012651960916,-0.1651050094258446,-0.2051402508389086,-0.2365006386282995,0.15292258956278942,-0.36055985441105437,-0.4738967258472886,-0.42772837539687647,-0.3225102767766653,-0.12580351188153335,0.09491296715957351,0.06501213140321951,-0.35919193692682755,0.5133717112060234,-0.04641882694482288,0.2346841176947336,0.3463773482656667,-0.007933812392861044,-0.4458643109401043,1.0,-0.006530593776887084,0.5933080885192399,-0.04687014305349168,0.3559287318614969,0.06124068124987888,-0.5116598733370563,-0.2251922444391554,-0.2761597985515244,0.08111143828063411,-0.35066172805826884,-0.35254606579618974,-0.17102012286881366,0.14133373682191616,0.48433371628326966,-0.33511204361371
nummod,-0.3248165814456999,0.25821614261346887,0.2352194759347661,0.2669465089099216,0.19737732060603952,-0.20099715080769254,-0.24553406649730666,-0.29339530083623877,-0.4849114498765629,-0.2080695669528729,-0.16825239582113452,-0.0876542920101154,0.7836945760110414,0.3086730595748744,0.4582509852515312,-0.2172786488346679,-0.16946950668077526,0.0001956104927405833,0.20467569664453625,0.202205807358425,0.2608933794402103,-0.4097409667316708,-0.4393232278483306,0.247160514704043,0.2999086644106047,0.2638037827581972,0.001965522183467541,-0.4535109485426654,0.41542448070140015,-0.001359415550045366,-0.05543372357709465,-0.11549695786751081,0.1326478261924187,0.12370779014978513,0.26199810461416473,0.137050780773774,-0.006530593776887084,1.0,-0.39253242156706347,-0.0007827695113559812,-0.3840625883060042,-0.1430426116860609,0.11470858899562345,0.4913716200115702,0.1815440032333962,-0.29879262776257104,-0.03596865566217848,-0.17613490270644092,-0.30365401732268066,0.16831870934243331,0.00591625216060888,0.29206518487474803
