,len,PUNCT,AUX,ADV,PART,CCONJ,NOUN,SCONJ,VERB,ADP,PROPN,PRON,NUM,ADJ,advmod:emph,obl:arg,flat,nsubj,root,advcl,mark,det,advcl:pred,csubj,xcomp,obl,nmod,advcl:cmpr,cc,nsubj:pass,discourse,csubj:pass,acl,expl:pass,amod,nummod,conj,case,xcomp:pred,aux:pass,advmod:neg,cop,obj,ccomp,parataxis,fixed,acl:relcl,advmod,orphan,punct
len,1.0,-0.9686274465086127,0.8112525524723715,-0.912091955579291,-0.7221129485373637,-0.7874996265065823,0.6107309221882731,-0.8382458341096853,-0.6853809214846087,-0.44308817408704687,-0.27270035655970043,-0.0974494054989943,0.46220192054907316,0.4659103879621142,-0.4132844393207963,-0.15327135772536363,-0.8230407214708191,-0.1360130986454729,-0.9983477547902623,0.41186029015001496,-0.8919677837273371,0.6900061381583664,-0.445142089276893,-0.8227269400049013,0.3087157645321678,0.44995283431767436,0.09352022066827832,0.7616369762819476,-0.35020315256143314,0.7361340053322364,0.34389408175178193,0.42667213188554515,-0.34001803861401714,0.5943878371862955,0.46984933361295844,0.20489639312542968,-0.31952858002752593,-0.11600366442583374,0.3188289869176644,0.797464515264758,0.6497830713345144,0.4978033331635787,0.5628921321084781,0.5755524279913103,0.26070981699337215,-0.416286615776096,-0.49355051346127293,-0.810202225580444,-0.8823394292787629,-0.99519619392787
PUNCT,-0.9686274465086127,1.0,-0.6706985671754665,0.8519404779684077,0.6403757019484172,0.7557724056279945,-0.5560042971713017,0.7268842821764431,0.606896017884786,0.49324422408168483,0.45709424955686395,-0.08143521136320946,-0.5653550943631784,-0.354194812997735,0.25218941283112795,0.26542467707789813,0.9233507572417509,-0.028218347760408827,0.9796284548677625,-0.5976708231790715,0.7817707179330565,-0.7092761787397504,0.48136746088307947,0.6918603633460871,-0.10769639515229275,-0.6185830301325905,0.05841931692351388,-0.5786815108899898,0.3984889179239456,-0.6368938923225991,-0.4882764894731377,-0.3738010260245787,0.33131155243877286,-0.7573437604682679,-0.3692678600259024,-0.304343582838567,0.38974308301351657,0.18934960327275244,-0.4199754221627315,-0.6797532503643424,-0.5942118273226513,-0.3065163196843964,-0.7084514749428401,-0.39677756936136377,-0.44616010285424945,0.40265362333129695,0.4903077602575602,0.8632152355555672,0.952092362333445,0.9673736827149878
AUX,0.8112525524723715,-0.6706985671754665,1.0,-0.700175205653564,-0.7080281126571601,-0.8095229815195736,0.46608803207719507,-0.9673730088507135,-0.637049821995081,-0.48293378591752095,-0.05491094857791941,-0.24889638652118928,0.4079683715428786,0.8004044080755158,-0.6034294187962027,0.14489347862775803,-0.5103078882323762,-0.5859995357429779,-0.7946496963693643,-0.16439276371876788,-0.962498178728703,0.3752521416182448,-0.251864668020968,-0.8225501597052046,0.7563557662046856,0.1505927456708047,0.5439162917186742,0.8813483993492791,-0.4185457304128404,0.8849239099642318,-0.2343146048403801,0.7373703387013201,-0.2648040875926213,0.24648636973995336,0.7969552454584891,0.27030629480154467,-0.34774794246401713,-0.23308626110485223,0.3489149237412677,0.8313129851578018,0.858120958428594,0.8974514578350175,0.005827965341018003,0.7466663668327628,-0.35183180525623753,-0.296265209825371,-0.3567277685696504,-0.4276779791999631,-0.6088924209697076,-0.8172215720647148
ADV,-0.912091955579291,0.8519404779684077,-0.700175205653564,1.0,0.5008917455932423,0.4818576954196049,-0.8504578192710655,0.7698059765401625,0.8629202634206161,0.03943052092858128,-0.04661557708484425,0.45009849948071834,-0.2351098918953726,-0.40198284444022825,0.26935048115052346,-0.11611922227647108,0.6627198118831086,0.22398735956946836,0.8938987904712963,-0.30481371544759933,0.7360813480622725,-0.5171248751363777,0.6323336025602457,0.9352957693828586,-0.3655603033016428,-0.1195430316446877,-0.17629019944550525,-0.8128357376192474,-0.0630447615136475,-0.47524401822825185,-0.3218887798120515,-0.16936934419882774,0.05609037727388293,-0.4174451904611291,-0.3796520167486062,0.03119053160973022,-0.09623206496845027,-0.29349107665187535,0.0129631215716576,-0.8959237426739246,-0.42398721885881685,-0.36321752782572087,-0.4642381698460067,-0.4854277793381255,-0.28028602119169205,0.6609587309614419,0.6984823082401148,0.8832298106104696,0.7398539071453762,0.8698661562272475
PART,-0.7221129485373637,0.6403757019484172,-0.7080281126571601,0.5008917455932423,1.0,0.8686937875462111,0.008429473385388157,0.5540041411584264,0.10100093654449341,0.62141410099084,0.14213768497958018,-0.1283698128142343,-0.08298269051158923,-0.1828835996634527,0.8857737283665659,0.5498754309264593,0.39490985092171016,-0.09870197716443965,0.7188145882172924,-0.2566134992365049,0.8562333990463659,-0.8615726009543683,-0.2933085888854541,0.4555451016957465,-0.1801455256955653,-0.3976523721365132,0.15413950549581432,-0.6720965181209797,0.6029887103625376,-0.9064070232007608,-0.28117105289871797,-0.3623611983051319,0.8528862417858765,-0.15320232860861632,-0.197730988001961,0.08778606570271473,0.5596458866649054,0.3703771392637146,-0.19198483289941493,-0.35867615936027014,-0.4839893311039138,-0.6657100104427379,-0.4232791438388289,-0.890192401987085,-0.019828170547400464,-0.2876672608387459,-0.21934282025690258,0.21982395161927995,0.4505863473959666,0.772498965263203
CCONJ,-0.7874996265065823,0.7557724056279945,-0.8095229815195736,0.4818576954196049,0.8686937875462111,1.0,-0.05291832332067789,0.7333313944941919,0.22009807034509113,0.8667681129376901,0.5056578125737676,-0.33132627826665295,-0.5554866512772777,-0.49856576726281143,0.6277126535361716,0.41165476042402355,0.6729572314187161,0.10237778288743944,0.8010032102420959,-0.24999488211696036,0.9006602446572148,-0.6777321216198021,-0.048416627370777475,0.45396821550158306,-0.29090084379705916,-0.6454382894380213,-0.07328069750728455,-0.5592714816435589,0.8257167400203625,-0.9593414399745078,-0.10985208625921693,-0.7244586352495691,0.6617718757302709,-0.5004563938075377,-0.5322854371620707,-0.4143872450549281,0.7903949980606005,0.6525847900566595,-0.6327697560404039,-0.44991406994010447,-0.8149283873203546,-0.6985932601590801,-0.36688209906164726,-0.6604602266595919,0.04338940951277073,-0.11144758074368177,-0.010221423091538439,0.3392116159348723,0.7097369775642843,0.8401247114944053
NOUN,0.6107309221882731,-0.5560042971713017,0.46608803207719507,-0.8504578192710655,0.008429473385388157,-0.05291832332067789,1.0,-0.6275183577575829,-0.9730391801583994,0.3315228162050536,0.21533725728748962,-0.6760075103125266,0.2078610576203528,0.46272644939257157,0.15946828342097244,0.5618756811783017,-0.468761772644246,-0.4552839088169231,-0.5859552240576982,0.05131643663643647,-0.38647767951760476,0.013953933447272665,-0.8918577717463866,-0.8586047896855189,0.45708741091735,-0.1907034229248388,0.4308528918010778,0.6118629848058669,0.43648796511318594,0.059143430117892935,0.06066645880187542,0.06018172161658448,0.47538678742142304,0.30755259011059244,0.4237494731558694,0.02161590907270703,0.4616127417020443,0.5614355760586176,-0.13755800388331996,0.8776686239189395,0.26747243362096634,0.1423931252986793,0.1492798316898372,0.09518878448440563,0.15917188115501993,-0.9456172833334314,-0.9435332510590981,-0.8304693927728058,-0.539888828538611,-0.5310400385868412
SCONJ,-0.8382458341096853,0.7268842821764431,-0.9673730088507135,0.7698059765401625,0.5540041411584264,0.7333313944941919,-0.6275183577575829,1.0,0.7811280737121266,0.41188041603745773,0.11996287106229599,0.28538155371919055,-0.5364059384385294,-0.8612747829790632,0.3887495043704505,-0.27588178270206953,0.6244207018949266,0.6402021524652102,0.8246647490864201,0.11368886591143386,0.904410932453964,-0.27042496191432835,0.4827367307246886,0.8741764605952502,-0.7559770417680833,-0.17195552003327383,-0.607781140914198,-0.8334355856473992,0.3275739868140124,-0.7702178362094186,0.22187717875368027,-0.7380369297377248,0.06483992099877753,-0.3906154336981235,-0.8561996219234964,-0.38694222958085095,0.2662346479170381,0.1620937005004598,-0.4012752435670019,-0.9135807440659457,-0.8767727189346673,-0.7852070228773802,-0.034382804740924866,-0.5726906398588953,0.26534365809097676,0.5080883279703347,0.5692903164700595,0.583933221535847,0.7155414764035732,0.8267911278919495
VERB,-0.6853809214846087,0.606896017884786,-0.637049821995081,0.8629202634206161,0.10100093654449341,0.22009807034509113,-0.9730391801583994,0.7811280737121266,1.0,-0.16336887369715822,-0.1474068984691625,0.6331884437686289,-0.33027637810847865,-0.6466893123945242,-0.05157538232386378,-0.5819262425927663,0.5236606291386665,0.5944711182818139,0.661280655078294,0.046901676234443156,0.5374267200608943,-0.01914511582129924,0.860923516273424,0.9180985612114846,-0.6129677980950947,0.13480000609889425,-0.5691169516483496,-0.7038134744350806,-0.26952058018659236,-0.2406118659796662,0.07787040922130099,-0.2806137825279322,-0.4137012856441901,-0.33827100964207657,-0.6134791517457432,-0.15603793763015897,-0.3080230759467697,-0.4006863081098219,-0.014994925915554087,-0.9551030404013231,-0.47210953838932157,-0.34070826331100434,-0.066126661657517,-0.20466566359948662,-0.0018532948924871008,0.9139840163589754,0.9267454095118952,0.7985701491949895,0.6065392981281401,0.616861509690361
ADP,-0.44308817408704687,0.49324422408168483,-0.48293378591752095,0.03943052092858128,0.62141410099084,0.8667681129376901,0.3315228162050536,0.41188041603745773,-0.16336887369715822,1.0,0.7794595168795051,-0.7242187603644875,-0.6770096181906263,-0.3488101846487468,0.3746282087361916,0.5401456693041586,0.574123155992282,-0.06311638419841795,0.47850535373758607,-0.27457458741767793,0.5744675858924145,-0.4748101191146351,-0.23684089147160886,-0.01179855248225541,-0.029405060004332243,-0.8195814948077137,0.05864230531869707,-0.08789615744187153,0.9931973547468685,-0.7578032673039906,-0.049428645131356,-0.7427816844450583,0.6308380435030477,-0.5572192047355531,-0.40684875838758183,-0.6437406973104264,0.9879197804194282,0.9389532537413681,-0.8558432677648135,-0.03164120373686013,-0.721947521077763,-0.4541101890182264,-0.28989143544873797,-0.3110372246626595,0.04067444647173687,-0.3691473881627313,-0.26196554873061845,0.053438895967197746,0.5533575757850463,0.5202247430051016
PROPN,-0.27270035655970043,0.45709424955686395,-0.05491094857791941,-0.04661557708484425,0.14213768497958018,0.5056578125737676,0.21533725728748962,0.11996287106229599,-0.1474068984691625,0.7794595168795051,1.0,-0.8554739564172298,-0.8335316166837383,-0.11885106021721109,-0.2438986353028398,0.4766120084833444,0.7135824545308946,-0.29034178722655046,0.32652492834728813,-0.5814609169887168,0.14959200990677204,-0.2609735206258716,0.10468035216191232,-0.2278581525301651,0.3504920707052914,-0.9474490492083047,0.25234749090568404,0.3463963479632818,0.7539090560184735,-0.2604503510545686,-0.2920704754113017,-0.4714430566820559,0.24913401769755542,-0.8557005018759549,-0.1825217783677316,-0.8008862217133724,0.8005394186722561,0.7890934257416893,-0.8961009196217654,0.13575677914436474,-0.45839049366406415,0.12840239207190562,-0.49036158771726235,0.28973006530017015,-0.37828296307434633,-0.10762391228316087,-0.007624194957591062,0.26461711101209756,0.6317535181619969,0.32131088001442143
PRON,-0.0974494054989943,-0.08143521136320946,-0.24889638652118928,0.45009849948071834,-0.1283698128142343,-0.33132627826665295,-0.6760075103125266,0.28538155371919055,0.6331884437686289,-0.7242187603644875,-0.8554739564172298,1.0,0.46695700395036827,-0.24780817567670935,0.09852745450759262,-0.7194095527167246,-0.3031316779202148,0.5553469659582697,0.043555177710336686,0.501852245825589,0.10998525995095894,0.26020053296177864,0.39263313453396564,0.6263460977064312,-0.5904141165798392,0.8297547437435255,-0.5170765601421113,-0.5904311908670391,-0.7588788847997362,0.13316260971085592,0.2998722813691228,0.22825497336791367,-0.47332651055622815,0.492730772762335,-0.18047021457075096,0.5186359951346639,-0.8126761152357619,-0.8367573059631794,0.6872853098941877,-0.5838829257732713,0.12858324333973623,-0.2402660888496,0.3843450968113535,-0.2683028225654891,0.30502527641733407,0.5838925594548687,0.5090821340359636,0.19511483964492843,-0.19996668089588274,0.020757180909126975
NUM,0.46220192054907316,-0.5653550943631784,0.4079683715428786,-0.2351098918953726,-0.08298269051158923,-0.5554866512772777,0.2078610576203528,-0.5364059384385294,-0.33027637810847865,-0.6770096181906263,-0.8335316166837383,0.46695700395036827,1.0,0.6125210002203978,0.278866726206564,0.022129741351573955,-0.807766005596395,-0.251177142511834,-0.49819875620966125,0.25287114358898566,-0.37704589383224835,0.02335664545544292,-0.48805185510747096,-0.19019054055300602,0.1664863168001616,0.7152053202733037,0.28376271858975405,-0.0059170290170177725,-0.612113223094307,0.3730045853073537,-0.06745925748137024,0.7564902327018879,0.08878348809348538,0.8673764373568547,0.655934850967988,0.9562975679880317,-0.6245173681063227,-0.6312977236647693,0.9328962121670703,0.3333192146616973,0.7760464655475138,0.1775238963608982,0.20861760136227114,-0.20369213568972394,0.07440273300874274,-0.33245603754589065,-0.42673211508104164,-0.4674031619568924,-0.7800725395920655,-0.47713648657920094
ADJ,0.4659103879621142,-0.354194812997735,0.8004044080755158,-0.40198284444022825,-0.1828835996634527,-0.49856576726281143,0.46272644939257157,-0.8612747829790632,-0.6466893123945242,-0.3488101846487468,-0.11885106021721109,-0.24780817567670935,0.6125210002203978,1.0,-0.12472163710422424,0.565499421517757,-0.3875885402071464,-0.8862631060002624,-0.4550513800727893,-0.46688172180855747,-0.6270342286488144,-0.21229320818097647,-0.4604718719246928,-0.6218861023794335,0.8813884231556133,0.010738659259608502,0.8834428114541607,0.5596414620303252,-0.28885688890970923,0.5547522510559239,-0.6383198008449721,0.8719114837989896,0.249051907793001,0.25793705313639276,0.9976147434468506,0.6048812359836094,-0.22894747576038016,-0.2551612387805369,0.5122233260082374,0.7357754300514464,0.8895207087970028,0.7449294683475696,-0.3919882018584894,0.2767758596406045,-0.5899127919179367,-0.4885315629853244,-0.5309101201730235,-0.2766580726138997,-0.46379765364500175,-0.45348075553365963
advmod:emph,-0.4132844393207963,0.25218941283112795,-0.6034294187962027,0.26935048115052346,0.8857737283665659,0.6277126535361716,0.15946828342097244,0.3887495043704505,-0.05157538232386378,0.3746282087361916,-0.2438986353028398,0.09852745450759262,0.278866726206564,-0.12472163710422424,1.0,0.3756443126430111,-0.05855128858008561,0.03980302278580008,0.39159083669537426,0.12718733215799793,0.6934339139445475,-0.6315055020397045,-0.5349209517359061,0.3450763793502752,-0.3226606352727973,0.010342831508378607,0.021263867302207456,-0.6697655028310503,0.3941226821974057,-0.7833931017638266,0.0012629058563718848,-0.23676987170919314,0.7831652712427308,0.31513196634899293,-0.12116531474039863,0.36096585211979815,0.3310691100781489,0.19936313643573286,0.11106257878718831,-0.22561710688733463,-0.2896635723324076,-0.7465460107010765,-0.04848173051953705,-0.9668286049483082,0.30585595077038563,-0.44414947763437407,-0.4201893873163556,-0.14746080193836078,0.01979191903935839,0.46107314261095117
obl:arg,-0.15327135772536363,0.26542467707789813,0.14489347862775803,-0.11611922227647108,0.5498754309264593,0.41165476042402355,0.5618756811783017,-0.27588178270206953,-0.5819262425927663,0.5401456693041586,0.4766120084833444,-0.7194095527167246,0.022129741351573955,0.565499421517757,0.3756443126430111,1.0,0.21996688225084013,-0.838079401269192,0.18568408404256642,-0.7043749983936957,0.11211054786541069,-0.7720173026979859,-0.5770434791434519,-0.36715148843578843,0.6921579417947261,-0.6754502152170414,0.8494523217929433,0.20678280709792904,0.5739819252585099,-0.29054450270588855,-0.7043554121212781,0.15531391930861857,0.8644765817454478,-0.24566658901558186,0.5210642146429469,0.1048339255549652,0.6110972228614423,0.49031934764290036,-0.1922688412323407,0.46346055738261743,0.13211772295626967,0.1616014251711111,-0.7012461240255797,-0.21808651685084152,-0.5357400371476844,-0.6926246990027937,-0.635207311465225,-0.06657753197966819,0.15701532054239628,0.22585293290913652
flat,-0.8230407214708191,0.9233507572417509,-0.5103078882323762,0.6627198118831086,0.39490985092171016,0.6729572314187161,-0.468761772644246,0.6244207018949266,0.5236606291386665,0.574123155992282,0.7135824545308946,-0.3031316779202148,-0.807766005596395,-0.3875885402071464,-0.05855128858008561,0.21996688225084013,1.0,-0.03137772285975753,0.8505552441594068,-0.6336220518497238,0.5928265393336204,-0.5009588578002531,0.5749669090693514,0.485909196327361,-0.003537110962955253,-0.7722785274694387,0.03298539846859444,-0.28741469944431547,0.4801740692158627,-0.48033748389121755,-0.4217762626780211,-0.46708794356101696,0.154521088951106,-0.9456843501550817,-0.4181842416541427,-0.6020891697118507,0.4936744226725729,0.35675130626332086,-0.662665545604821,-0.536953397093886,-0.6338582745041618,-0.12728878152057782,-0.6689274641456645,-0.0673652049207942,-0.4791375016564687,0.4351983940306523,0.5335216112843877,0.8338859183527858,0.9912962452080398,0.8245392792194853
nsubj,-0.1360130986454729,-0.028218347760408827,-0.5859995357429779,0.22398735956946836,-0.09870197716443965,0.10237778288743944,-0.4552839088169231,0.6402021524652102,0.5944711182818139,-0.06311638419841795,-0.29034178722655046,0.5553469659582697,-0.251177142511834,-0.8862631060002624,0.03980302278580008,-0.838079401269192,-0.03137772285975753,1.0,0.10662190552882715,0.7780901469204304,0.34443790498753835,0.5227647289811805,0.40126786533371445,0.532271093675233,-0.9548921926800292,0.4415775937825249,-0.9971954404936683,-0.49307059706881207,-0.09874245264086404,-0.2495044318988822,0.8440976013984324,-0.6150461678054376,-0.5007014083232355,0.1486443054772325,-0.8589658949108193,-0.31595565287282823,-0.166328444075069,-0.0804547691669671,-0.13537430540841694,-0.6322684164871998,-0.5879386302268169,-0.6477388388210705,0.7134678593389251,-0.18572483539942933,0.7797075101364599,0.5084948763964012,0.4962028976658507,0.03676773958896631,0.05929953499178375,0.10071140409272387
root,-0.9983477547902623,0.9796284548677625,-0.7946496963693643,0.8938987904712963,0.7188145882172924,0.8010032102420959,-0.5859552240576982,0.8246647490864201,0.661280655078294,0.47850535373758607,0.32652492834728813,0.043555177710336686,-0.49819875620966125,-0.4550513800727893,0.39159083669537426,0.18568408404256642,0.8505552441594068,0.10662190552882715,1.0,-0.44697254808591325,0.8819810513334487,-0.6992158817334606,0.44131920684024056,0.7921826291473311,-0.27357946780547143,-0.49977271972586,-0.0669251363567587,-0.725209178399851,0.3858857039451018,-0.7350730471164209,-0.3649295744007373,-0.43812111858674974,0.35266636368259596,-0.6346519469833004,-0.46267280497973595,-0.2420674284353614,0.35908762383854875,0.1570196836331282,-0.3610505396364503,-0.7712975815214065,-0.6577056430549992,-0.4745358837672038,-0.5898682149130713,-0.5475619245090478,-0.2874989090071882,0.39999799009249787,0.4816426854711639,0.8133305729959938,0.903395150736704,0.9965019975470499
advcl,0.41186029015001496,-0.5976708231790715,-0.16439276371876788,-0.30481371544759933,-0.2566134992365049,-0.24999488211696036,0.05131643663643647,0.11368886591143386,0.046901676234443156,-0.27457458741767793,-0.5814609169887168,0.501852245825589,0.25287114358898566,-0.46688172180855747,0.12718733215799793,-0.7043749983936957,-0.6336220518497238,0.7780901469204304,-0.44697254808591325,1.0,-0.06471983750445826,0.6831472076678694,-0.1437685401851648,0.04850659227222074,-0.7308575286360517,0.7368103796776261,-0.7791630691491345,-0.17528655041297708,-0.2356982762945219,0.02199969665770974,0.9441655127063492,-0.276190658750996,-0.387808816051269,0.6827929489618216,-0.43524462648746176,0.05922119689641442,-0.2972237314164274,-0.1392276934288038,0.2049923232823724,-0.09928974986994371,-0.1295735159282495,-0.4805172154027688,0.9762767855602117,-0.13637875950980902,0.9479784998175834,0.011993991077630177,-0.04798521824569524,-0.5616988529345849,-0.5632365322655141,-0.4258396357347685
mark,-0.8919677837273371,0.7817707179330565,-0.962498178728703,0.7360813480622725,0.8562333990463659,0.9006602446572148,-0.38647767951760476,0.904410932453964,0.5374267200608943,0.5744675858924145,0.14959200990677204,0.10998525995095894,-0.37704589383224835,-0.6270342286488144,0.6934339139445475,0.11211054786541069,0.5928265393336204,0.34443790498753835,0.8819810513334487,-0.06471983750445826,1.0,-0.6110914124768428,0.15133119338498183,0.776285286762912,-0.5590285053464147,-0.3130905579697076,-0.2959544191536976,-0.8608951930533566,0.5124308731577972,-0.9418695733165319,-0.009763589097830367,-0.6427274230173969,0.4773540756562456,-0.32417193302268765,-0.6315815352462689,-0.1959941299875883,0.45241611341133203,0.2902850675949899,-0.34834636931034646,-0.7511001846432952,-0.7918190913066495,-0.8261265062157089,-0.2418324436101165,-0.8101171252797866,0.15066908438177032,0.16932304191253958,0.24252423996391587,0.47808430377119365,0.677636857438399,0.9106046442735336
det,0.6900061381583664,-0.7092761787397504,0.3752521416182448,-0.5171248751363777,-0.8615726009543683,-0.6777321216198021,0.013953933447272665,-0.27042496191432835,-0.01914511582129924,-0.4748101191146351,-0.2609735206258716,0.26020053296177864,0.02335664545544292,-0.21229320818097647,-0.6315055020397045,-0.7720173026979859,-0.5009588578002531,0.5227647289811805,-0.6992158817334606,0.6831472076678694,-0.6110914124768428,1.0,0.20054337355869356,-0.3020258507828462,-0.27604433689377894,0.5553191246249966,-0.5709038200650745,0.4217812640078926,-0.4488353647911382,0.6160917288978339,0.729258814292222,-0.015206907274799092,-0.8403203809904599,0.3332309140340527,-0.193307616452146,-0.20463333169949718,-0.4468971838987405,-0.2179075644890973,0.0798642697468383,0.1779479806302042,0.15617519464334506,0.2058366640999365,0.8044457984082393,0.6239373597043099,0.5156263318652465,0.2504650105282059,0.18478709693593712,-0.4051123429070325,-0.5113825733684906,-0.7296635391288515
advcl:pred,-0.445142089276893,0.48136746088307947,-0.251864668020968,0.6323336025602457,-0.2933085888854541,-0.048416627370777475,-0.8918577717463866,0.4827367307246886,0.860923516273424,-0.23684089147160886,0.10468035216191232,0.39263313453396564,-0.48805185510747096,-0.4604718719246928,-0.5349209517359061,-0.5770434791434519,0.5749669090693514,0.40126786533371445,0.44131920684024056,-0.1437685401851648,0.15133119338498183,0.20054337355869356,1.0,0.6017381498991649,-0.2858317532272442,-0.016862204995754856,-0.41047544885659615,-0.25,-0.3412549022700905,0.13916008058526774,-0.034783499030849395,-0.13703354121011016,-0.6652757390152235,-0.5499660358901927,-0.44085043425504955,-0.3590884564783815,-0.3363750514609025,-0.36844113388964,-0.14205818626153405,-0.6904702754573325,-0.2871272179874468,0.10605728330134308,-0.1503260675558212,0.30536247789129634,-0.24999999999999994,0.9754484756066,0.987053550016954,0.8137864785444063,0.5976326849970606,0.36913966126446834
csubj,-0.8227269400049013,0.6918603633460871,-0.8225501597052046,0.9352957693828586,0.4555451016957465,0.45396821550158306,-0.8586047896855189,0.8741764605952502,0.9180985612114846,-0.01179855248225541,-0.2278581525301651,0.6263460977064312,-0.19019054055300602,-0.6218861023794335,0.3450763793502752,-0.36715148843578843,0.485909196327361,0.532271093675233,0.7921826291473311,0.04850659227222074,0.776285286762912,-0.3020258507828462,0.6017381498991649,1.0,-0.6658693292076349,0.11259791732479282,-0.4832313702332213,-0.9227588564053645,-0.10525227196102811,-0.5275704625804674,0.022631355166601513,-0.32439103793002205,-0.062068586968866975,-0.20990516244945004,-0.5894338641368215,0.01665574012031622,-0.16369751252927597,-0.3120521523865741,0.04401030109684373,-0.9815866592513653,-0.5343141004743229,-0.5868833615656055,-0.12787834969989764,-0.5728919285179935,0.0703357123576834,0.6838249549896448,0.7059727094976784,0.7175505694236313,0.5924655156859899,0.776765901447668
xcomp,0.3087157645321678,-0.10769639515229275,0.7563557662046856,-0.3655603033016428,-0.1801455256955653,-0.29090084379705916,0.45708741091735,-0.7559770417680833,-0.6129677980950947,-0.029405060004332243,0.3504920707052914,-0.5904141165798392,0.1664863168001616,0.8813884231556133,-0.3226606352727973,0.6921579417947261,-0.003537110962955253,-0.9548921926800292,-0.27357946780547143,-0.7308575286360517,-0.5590285053464147,-0.27604433689377894,-0.2858317532272442,-0.6658693292076349,1.0,-0.41366130940033896,0.9316783045498419,0.7045909203734491,0.007066688193250231,0.46982157572360644,-0.7528398204836534,0.6342942028500504,0.2575733502610926,-0.19475096503331238,0.8523282835712254,0.18165561424845977,0.0892309585471706,0.061639728871022904,0.08009497846964107,0.7220156570211075,0.6459452780549959,0.8229924263030217,-0.610368882669216,0.4683679661698137,-0.7773205742461562,-0.41390936634878034,-0.41050199108542507,-0.07028989839781094,-0.11538480244954662,-0.28401066030679767
obl,0.44995283431767436,-0.6185830301325905,0.1505927456708047,-0.1195430316446877,-0.3976523721365132,-0.6454382894380213,-0.1907034229248388,-0.17195552003327383,0.13480000609889425,-0.8195814948077137,-0.9474490492083047,0.8297547437435255,0.7152053202733037,0.010738659259608502,0.010342831508378607,-0.6754502152170414,-0.7722785274694387,0.4415775937825249,-0.49977271972586,0.7368103796776261,-0.3130905579697076,0.5553191246249966,-0.016862204995754856,0.11259791732479282,-0.41366130940033896,1.0,-0.42424722208122045,-0.17567848186478377,-0.7902184995400133,0.41163045362373496,0.5052716318895691,0.38212080582012176,-0.4928654541580841,0.8438540137917563,0.07200589035526637,0.612736833896575,-0.8314094160711454,-0.7463917708448272,0.7892295878703113,-0.07575101670976853,0.4264708292895217,-0.06265902955261866,0.6955822451140291,-0.055554167236969716,0.5098596028498468,0.1838077263657166,0.07694443774531949,-0.35599208492677537,-0.7030633793270397,-0.5049995622703455
nmod,0.09352022066827832,0.05841931692351388,0.5439162917186742,-0.17629019944550525,0.15413950549581432,-0.07328069750728455,0.4308528918010778,-0.607781140914198,-0.5691169516483496,0.05864230531869707,0.25234749090568404,-0.5170765601421113,0.28376271858975405,0.8834428114541607,0.021263867302207456,0.8494523217929433,0.03298539846859444,-0.9971954404936683,-0.0669251363567587,-0.7791630691491345,-0.2959544191536976,-0.5709038200650745,-0.41047544885659615,-0.4832313702332213,0.9316783045498419,-0.42424722208122045,1.0,0.4301561883079988,0.09257870566695081,0.20878159453024284,-0.8611786715905113,0.6223713828369477,0.5379874866253365,-0.12721858835202857,0.8586303170592906,0.362360684270388,0.15581111080147172,0.05557469090583751,0.17000550434753914,0.5943982151937449,0.5824095208319973,0.6076341637365165,-0.7300542873145245,0.11888578080922196,-0.7781246647113412,-0.5079439421796164,-0.4959856968495751,-0.018249438539236915,-0.05030456182826615,-0.05861119761308655
advcl:cmpr,0.7616369762819476,-0.5786815108899898,0.8813483993492791,-0.8128357376192474,-0.6720965181209797,-0.5592714816435589,0.6118629848058669,-0.8334355856473992,-0.7038134744350806,-0.08789615744187153,0.3463963479632818,-0.5904311908670391,-0.0059170290170177725,0.5596414620303252,-0.6697655028310503,0.20678280709792904,-0.28741469944431547,-0.49307059706881207,-0.725209178399851,-0.17528655041297708,-0.8608951930533566,0.4217812640078926,-0.25,-0.9227588564053645,0.7045909203734491,-0.17567848186478377,0.4301561883079988,1.0,-0.026136190432732364,0.7005913912124071,-0.09264767949451362,0.34530052656085763,-0.21681678976776442,-0.034431324959453294,0.5285670043496632,-0.18421728209899813,0.049422823363182176,0.2043716935723556,-0.12297070510912242,0.8627297666648369,0.5196259128499177,0.7807094452985097,0.034368930076800704,0.8367599097563195,-0.25,-0.3669485791300315,-0.3857308069028156,-0.45474164481199225,-0.40817833427671013,-0.741474537968826
cc,-0.35020315256143314,0.3984889179239456,-0.4185457304128404,-0.0630447615136475,0.6029887103625376,0.8257167400203625,0.43648796511318594,0.3275739868140124,-0.26952058018659236,0.9931973547468685,0.7539090560184735,-0.7588788847997362,-0.612113223094307,-0.28885688890970923,0.3941226821974057,0.5739819252585099,0.4801740692158627,-0.09874245264086404,0.3858857039451018,-0.2356982762945219,0.5124308731577972,-0.4488353647911382,-0.3412549022700905,-0.10525227196102811,0.007066688193250231,-0.7902184995400133,0.09257870566695081,-0.026136190432732364,1.0,-0.7277097556353497,-0.02297894999473798,-0.7098907256506545,0.662569605768813,-0.47791354092161104,-0.34812014378023104,-0.6043529494689338,0.9957868646395789,0.9615168603083903,-0.8265546640451081,0.06706426034821326,-0.6639896496895357,-0.43691337146680376,-0.24208672903430617,-0.3033509986583231,0.07939026325284007,-0.4694166304113376,-0.3676858929339279,-0.058661568862720004,0.45458332190572304,0.4335760684433969
nsubj:pass,0.7361340053322364,-0.6368938923225991,0.8849239099642318,-0.47524401822825185,-0.9064070232007608,-0.9593414399745078,0.059143430117892935,-0.7702178362094186,-0.2406118659796662,-0.7578032673039906,-0.2604503510545686,0.13316260971085592,0.3730045853073537,0.5547522510559239,-0.7833931017638266,-0.29054450270588855,-0.48033748389121755,-0.2495044318988822,-0.7350730471164209,0.02199969665770974,-0.9418695733165319,0.6160917288978339,0.13916008058526774,-0.5275704625804674,0.46982157572360644,0.41163045362373496,0.20878159453024284,0.7005913912124071,-0.7277097556353497,1.0,-0.05608415900774239,0.717098031220249,-0.6569881292174187,0.25457961655145667,0.5748447573145241,0.25374908541849284,-0.6711173650906271,-0.5421511886213978,0.46546792777854784,0.5044799151016441,0.7954092642713986,0.8571441571973379,0.17317345097118605,0.8201126998537392,-0.253969427318764,0.1418741287711292,0.060429215592615146,-0.2109442236017717,-0.5461336305055757,-0.7849990176709559
discourse,0.34389408175178193,-0.4882764894731377,-0.2343146048403801,-0.3218887798120515,-0.28117105289871797,-0.10985208625921693,0.06066645880187542,0.22187717875368027,0.07787040922130099,-0.049428645131356,-0.2920704754113017,0.2998722813691228,-0.06745925748137024,-0.6383198008449721,0.0012629058563718848,-0.7043554121212781,-0.4217762626780211,0.8440976013984324,-0.3649295744007373,0.9441655127063492,-0.009763589097830367,0.729258814292222,-0.034783499030849395,0.022631355166601513,-0.7528398204836534,0.5052716318895691,-0.8611786715905113,-0.09264767949451362,-0.02297894999473798,-0.05608415900774239,1.0,-0.5180373292815859,-0.4284163206362823,0.42595204625454997,-0.6236035854126311,-0.27242095208535916,-0.07690699231574676,0.10325194783162947,-0.11529746731411546,-0.12683124807885707,-0.3532224286053975,-0.5037528717218475,0.9516354411285152,-0.015734804390818674,0.9497784111096366,0.06492751114567122,0.03334335180467241,-0.4866287951108801,-0.3684667851969026,-0.3490179083697874
csubj:pass,0.42667213188554515,-0.3738010260245787,0.7373703387013201,-0.16936934419882774,-0.3623611983051319,-0.7244586352495691,0.06018172161658448,-0.7380369297377248,-0.2806137825279322,-0.7427816844450583,-0.4714430566820559,0.22825497336791367,0.7564902327018879,0.8719114837989896,-0.23676987170919314,0.15531391930861857,-0.46708794356101696,-0.6150461678054376,-0.43812111858674974,-0.276190658750996,-0.6427274230173969,-0.015206907274799092,-0.13703354121011016,-0.32439103793002205,0.6342942028500504,0.38212080582012176,0.6223713828369477,0.34530052656085763,-0.7098907256506545,0.717098031220249,-0.5180373292815859,1.0,-0.10555910694085047,0.39740321560268915,0.9014549652820348,0.7767954612013876,-0.6663585351746529,-0.6939190369163932,0.8054767642741671,0.43848353991429256,0.9631500457950382,0.7352939979597464,-0.23598707775459624,0.2884840546139155,-0.5187220052160445,-0.09097316932820737,-0.16904050928251532,-0.0966458477005636,-0.5037102174524548,-0.46105001912864846
acl,-0.34001803861401714,0.33131155243877286,-0.2648040875926213,0.05609037727388293,0.8528862417858765,0.6617718757302709,0.47538678742142304,0.06483992099877753,-0.4137012856441901,0.6308380435030477,0.24913401769755542,-0.47332651055622815,0.08878348809348538,0.249051907793001,0.7831652712427308,0.8644765817454478,0.154521088951106,-0.5007014083232355,0.35266636368259596,-0.387808816051269,0.4773540756562456,-0.8403203809904599,-0.6652757390152235,-0.062068586968866975,0.2575733502610926,-0.4928654541580841,0.5379874866253365,-0.21681678976776442,0.662569605768813,-0.6569881292174187,-0.4284163206362823,-0.10555910694085047,1.0,-0.03953828438755459,0.21715882557738508,0.18079848750117208,0.6524983311946884,0.5086968062403251,-0.1524099334532684,0.17730297294549296,-0.1405202260830414,-0.3314218619868677,-0.4758973819331959,-0.6594038546848029,-0.1587531462916951,-0.7034592188746461,-0.6450953593309577,-0.1262582351563161,0.15320783824392184,0.4180803708139742
expl:pass,0.5943878371862955,-0.7573437604682679,0.24648636973995336,-0.4174451904611291,-0.15320232860861632,-0.5004563938075377,0.30755259011059244,-0.3906154336981235,-0.33827100964207657,-0.5572192047355531,-0.8557005018759549,0.492730772762335,0.8673764373568547,0.25793705313639276,0.31513196634899293,-0.24566658901558186,-0.9456843501550817,0.1486443054772325,-0.6346519469833004,0.6827929489618216,-0.32417193302268765,0.3332309140340527,-0.5499660358901927,-0.20990516244945004,-0.19475096503331238,0.8438540137917563,-0.12721858835202857,-0.034431324959453294,-0.47791354092161104,0.25457961655145667,0.42595204625454997,0.39740321560268915,-0.03953828438755459,1.0,0.2992462473407803,0.7196753574048306,-0.5159438091799363,-0.43442271207533484,0.745660862153478,0.2925371424982297,0.508614492438513,-0.1191499243090947,0.6464668902064787,-0.2323474482018288,0.5513854224730756,-0.3671306142807022,-0.4621598014978397,-0.7200372836618383,-0.8979368817536969,-0.5998051289560743
amod,0.46984933361295844,-0.3692678600259024,0.7969552454584891,-0.3796520167486062,-0.197730988001961,-0.5322854371620707,0.4237494731558694,-0.8561996219234964,-0.6134791517457432,-0.40684875838758183,-0.1825217783677316,-0.18047021457075096,0.655934850967988,0.9976147434468506,-0.12116531474039863,0.5210642146429469,-0.4181842416541427,-0.8589658949108193,-0.46267280497973595,-0.43524462648746176,-0.6315815352462689,-0.193307616452146,-0.44085043425504955,-0.5894338641368215,0.8523282835712254,0.07200589035526637,0.8586303170592906,0.5285670043496632,-0.34812014378023104,0.5748447573145241,-0.6236035854126311,0.9014549652820348,0.21715882557738508,0.2992462473407803,1.0,0.6506190011883107,-0.2911171675756575,-0.31840783035469244,0.5692445799542476,0.7077133426419936,0.913299712394511,0.7398064111136923,-0.3670193088900983,0.2639370251906858,-0.5745500352686509,-0.4555328188505323,-0.5041464912933237,-0.27039461070967696,-0.4883300354009908,-0.46267092225156276
nummod,0.20489639312542968,-0.304343582838567,0.27030629480154467,0.03119053160973022,0.08778606570271473,-0.4143872450549281,0.02161590907270703,-0.38694222958085095,-0.15603793763015897,-0.6437406973104264,-0.8008862217133724,0.5186359951346639,0.9562975679880317,0.6048812359836094,0.36096585211979815,0.1048339255549652,-0.6020891697118507,-0.31595565287282823,-0.2420674284353614,0.05922119689641442,-0.1959941299875883,-0.20463333169949718,-0.3590884564783815,0.01665574012031622,0.18165561424845977,0.612736833896575,0.362360684270388,-0.18421728209899813,-0.6043529494689338,0.25374908541849284,-0.27242095208535916,0.7767954612013876,0.18079848750117208,0.7196753574048306,0.6506190011883107,1.0,-0.6180145816494974,-0.6950110642611385,0.9443037316619349,0.15094265163279322,0.7180391299637767,0.1467932125533242,-0.024307589786109217,-0.3294553883506014,-0.10778547557681513,-0.21030287430019104,-0.290562883053416,-0.21239711442206632,-0.5634825639637038,-0.22654953836600125
conj,-0.31952858002752593,0.38974308301351657,-0.34774794246401713,-0.09623206496845027,0.5596458866649054,0.7903949980606005,0.4616127417020443,0.2662346479170381,-0.3080230759467697,0.9879197804194282,0.8005394186722561,-0.8126761152357619,-0.6245173681063227,-0.22894747576038016,0.3310691100781489,0.6110972228614423,0.4936744226725729,-0.166328444075069,0.35908762383854875,-0.2972237314164274,0.45241611341133203,-0.4468971838987405,-0.3363750514609025,-0.16369751252927597,0.0892309585471706,-0.8314094160711454,0.15581111080147172,0.049422823363182176,0.9957868646395789,-0.6711173650906271,-0.07690699231574676,-0.6663585351746529,0.6524983311946884,-0.5159438091799363,-0.2911171675756575,-0.6180145816494974,1.0,0.9685425234872667,-0.8384920189133346,0.12326301958056224,-0.6179130207698871,-0.3529417525598108,-0.28788701049127713,-0.2318259530840117,0.01082481473328751,-0.47942331213941614,-0.3769019147514341,-0.052083389262095534,0.4567005963098852,0.40326884158112863
case,-0.11600366442583374,0.18934960327275244,-0.23308626110485223,-0.29349107665187535,0.3703771392637146,0.6525847900566595,0.5614355760586176,0.1620937005004598,-0.4006863081098219,0.9389532537413681,0.7890934257416893,-0.8367573059631794,-0.6312977236647693,-0.2551612387805369,0.19936313643573286,0.49031934764290036,0.35675130626332086,-0.0804547691669671,0.1570196836331282,-0.1392276934288038,0.2902850675949899,-0.2179075644890973,-0.36844113388964,-0.3120521523865741,0.061639728871022904,-0.7463917708448272,0.05557469090583751,0.2043716935723556,0.9615168603083903,-0.5421511886213978,0.10325194783162947,-0.6939190369163932,0.5086968062403251,-0.43442271207533484,-0.31840783035469244,-0.6950110642611385,0.9685425234872667,1.0,-0.8667028913745741,0.24043798853144796,-0.5852189753221322,-0.3043761930787198,-0.09158564850740819,-0.0782058527858061,0.1488993345452175,-0.5099778361074296,-0.4189870003397337,-0.2169019954987913,0.30986129643846794,0.19963645145184358
xcomp:pred,0.3188289869176644,-0.4199754221627315,0.3489149237412677,0.0129631215716576,-0.19198483289941493,-0.6327697560404039,-0.13755800388331996,-0.4012752435670019,-0.014994925915554087,-0.8558432677648135,-0.8961009196217654,0.6872853098941877,0.9328962121670703,0.5122233260082374,0.11106257878718831,-0.1922688412323407,-0.662665545604821,-0.13537430540841694,-0.3610505396364503,0.2049923232823724,-0.34834636931034646,0.0798642697468383,-0.14205818626153405,0.04401030109684373,0.08009497846964107,0.7892295878703113,0.17000550434753914,-0.12297070510912242,-0.8265546640451081,0.46546792777854784,-0.11529746731411546,0.8054767642741671,-0.1524099334532684,0.745660862153478,0.5692445799542476,0.9443037316619349,-0.8384920189133346,-0.8667028913745741,1.0,0.08552411195790063,0.7594838537428353,0.2423113564180571,0.1484582394437725,-0.12139483682520999,-0.037828796811067614,0.022929679684725535,-0.07750807396873519,-0.17792139468837823,-0.6215589881588002,-0.36650845287984357
aux:pass,0.797464515264758,-0.6797532503643424,0.8313129851578018,-0.8959237426739246,-0.35867615936027014,-0.44991406994010447,0.8776686239189395,-0.9135807440659457,-0.9551030404013231,-0.03164120373686013,0.13575677914436474,-0.5838829257732713,0.3333192146616973,0.7357754300514464,-0.22561710688733463,0.46346055738261743,-0.536953397093886,-0.6322684164871998,-0.7712975815214065,-0.09928974986994371,-0.7511001846432952,0.1779479806302042,-0.6904702754573325,-0.9815866592513653,0.7220156570211075,-0.07575101670976853,0.5943982151937449,0.8627297666648369,0.06706426034821326,0.5044799151016441,-0.12683124807885707,0.43848353991429256,0.17730297294549296,0.2925371424982297,0.7077133426419936,0.15094265163279322,0.12326301958056224,0.24043798853144796,0.08552411195790063,1.0,0.6273653732786634,0.586528092702333,0.05424947622682801,0.4630296129964964,-0.12745098709688624,-0.7554517369706432,-0.7832326355457655,-0.72665627544358,-0.6374743479357248,-0.7494829731605793
