,len,PUNCT,AUX,X,ADV,PART,CCONJ,NOUN,SCONJ,VERB,ADP,PROPN,PRON,NUM,ADJ,advmod:emph,obl:arg,aux,flat,conj:expl,nsubj,root,advcl,mark,det,csubj,xcomp,obl,nmod,advcl:cmpr,cc,nsubj:pass,discourse,csubj:pass,acl,expl:pass,amod,nummod,conj,appos,case,xcomp:pred,aux:pass,advmod:neg,cop,obj,ccomp,fixed,acl:relcl,advmod,orphan,punct
len,1.0,-0.9264416745957517,0.1293865631695347,-0.2731639100612693,0.053340919869300646,0.2914017994006717,-0.5533955467296205,0.2636292941936468,0.3431280988361774,-0.0981148854320666,0.19974782033951874,0.0971113315350295,0.032454383256595595,0.22314416655797759,-0.12005142457835291,-0.034852232934312374,0.20509720305691165,0.43675014230758086,0.017053935253702555,-0.2763330373746331,0.3457121687812821,-0.9112654900637784,0.34150221207178355,0.2362073123671356,0.2870510477756351,-0.02658461144637723,0.241212206761111,0.35303608302219885,0.49715346440332564,-0.25529908942558877,-0.508642948534102,-0.13103097169981845,0.47438050418741096,0.06337917682530188,0.11961737671954151,0.3319964879641385,-0.035251558516545906,0.06973858563476189,-0.24197423797923565,-0.10735565590909041,0.26056988639740675,0.37605935722406086,0.17593668284751457,-0.0029679976040263697,-0.08915387806553417,-0.3324476628544351,0.39814418342362656,0.05801590751388056,0.008461499918028165,0.08638142186511555,0.5191996000810747,-0.9190985381598784
PUNCT,-0.9264416745957517,1.0,-0.19407412745762254,0.49797230740036286,-0.06955482927627718,-0.2684991993227636,0.5209432622505545,-0.25371830444487947,-0.4931725184930868,0.07410774307802562,-0.12582579985665504,0.0020418406313287784,0.022378712645792834,-0.20019982480929774,0.0639336844815673,0.04408255440318695,-0.33345758305519163,-0.473293168339122,-0.024096197462838146,0.29532787368066205,-0.31118965480607835,0.9760451418220767,-0.4346392081131252,-0.3424990673957819,-0.29601908876593863,0.00782599266377584,-0.15486879152396527,-0.3586944354522251,-0.47187944220675665,0.17046952875700164,0.4607307642966299,0.14646029368307506,-0.48929741322496945,0.0010736103215622324,-0.1972901165192366,-0.3083009079853809,-0.01822769380753418,0.05867996653831396,0.3996812967767625,0.038816806573987284,-0.21388550244128537,-0.4131356374707662,-0.20517471801348772,-0.10076277215745899,-0.01850705387763975,0.4441965192252006,-0.5261605065398853,-0.15888946035819415,0.07981907051228071,-0.07094354445201191,-0.5682009908199988,0.9504070208201802
AUX,0.1293865631695347,-0.19407412745762254,1.0,-0.30338743354984454,-0.07750974058535764,-0.14133256421412035,0.11906880083895935,0.13925255810716122,-0.10223934262951861,-0.4646540192780677,0.047597222360180796,0.030079395105966914,-0.16422016481323828,0.2007032970733723,0.533980714157957,-0.30447444920776884,0.0033002141966786943,0.20993155532958782,0.12808452497829598,0.011984345201302052,-0.29429911300793216,-0.18320564994855892,0.09051992019288964,-0.1231658066199608,-0.03412019826861621,-0.0750925158700547,-0.3965153297142816,0.1938492335372209,0.19553642434611995,0.1488192299531808,0.1783425189529832,0.4192120599560525,0.03277382338080569,0.38743432249618054,0.0893622916283826,-0.15335857106721537,-0.10135186295570132,-0.25407643375402617,0.0804535512741328,0.030998810993562647,0.058128273550934535,0.23945702351780093,0.6331416203024115,0.4326419880959031,0.7364234694918288,-0.07079284308534853,0.05233022144655184,0.08324907073016746,-0.4774231387818748,-0.21199893525238842,0.2371733231089066,-0.07197204538298292
X,-0.2731639100612693,0.49797230740036286,-0.30338743354984454,1.0,0.018675234677433518,-0.29527305653085295,0.1001472128315972,-0.14858382246546584,-0.08093240619430483,-0.16972083839578717,0.42297043198922585,-0.24958944367343727,0.24261040850491974,-0.2960105676495773,-0.3543834997104002,0.12607526484630383,-0.16174454678188904,-0.1215624435343167,-0.21522458989532942,-0.10624885461940077,-0.4198596047725491,0.47066782245154953,-0.14961829869415125,0.09493390163219696,0.060147321204273727,-0.08724774747597361,0.20236384118106818,-0.2773205382244,-0.1510892850985852,-0.0835100760387599,-0.02571875894384818,-0.10553144870585926,-0.05140903099675293,0.31512026401323995,-0.110794735600697,-0.12123530705053276,-0.12110263889979873,0.020684833613452237,0.23949834742252943,-0.12159091672002428,0.32790152182383764,-0.22713383558234232,-0.12313568267471836,-0.3141222342115967,-0.4665432367086039,0.38536108981084044,-0.529838580126618,-0.35705069961840336,0.09605542866067647,-0.02858334686761821,-0.2423084949620744,0.4186439688294043
ADV,0.053340919869300646,-0.06955482927627718,-0.07750974058535764,0.018675234677433518,1.0,-0.05135577239416138,-0.14959942810349702,-0.5950053493531222,0.4528937752953348,0.3185504021715062,-0.17888507854884111,-0.21719641656928654,0.17875841758872232,-0.2624797569953483,-0.32895626323352817,0.8116793875288282,-0.13003222279064883,0.03835146282541128,-0.243325570544452,0.019601425489502746,-0.2377912625907289,-0.14584367587154598,0.11471793452646292,0.45812560995191187,-0.09859815802660116,0.462052276798871,0.45518684774370266,-0.2066564890362835,-0.3880388584049763,-0.0197410494936504,-0.19583411023967257,-0.03949698455702216,-0.07508565922841651,-0.2090588194288163,-0.16277029214765001,-0.2932106393908137,-0.4582763294356864,-0.1385087137641813,-0.31788553102249884,0.0419841946173551,-0.20532273223890848,-0.07127318816946634,-0.05301624145105032,-0.06913683613626474,-0.08936822526521196,-0.036859750264166595,0.07123069031734947,0.11312389512786042,-0.07061913691733966,0.8428114931232085,0.29989795177453477,-0.007519272363726911
PART,0.2914017994006717,-0.2684991993227636,-0.14133256421412035,-0.29527305653085295,-0.05135577239416138,1.0,-0.5711344747957068,-0.0025830533377884045,-0.02152062782257649,0.05741258410925146,-0.08889731947893667,0.4555985933661942,0.1731303332336249,0.08296776990523483,-0.17465958288164815,-0.09941554733940713,0.2863511169360148,0.1753506796155181,0.07948320417003087,0.0477681898897035,0.39645011183009815,-0.18457283871276137,0.23155863667460605,-0.21814076286565665,0.06656499606301318,-0.05837357127720586,0.01488909596475588,0.2341796976973666,0.001197445550090832,-0.09169958989905033,-0.533836518344971,0.011291260992784838,-0.22755396819966786,0.017505034199741903,-0.2807704425728383,0.4751658543956178,-0.23413023643133954,0.011770336004976194,-0.24834462200771032,-0.07603809607635802,-0.020491335231272112,0.03705626538859078,-0.261163867979522,0.4794024757982066,0.07171894117906562,0.10344750076545826,0.09422317534300179,0.2836307671122326,0.33191089831037024,0.36676829598774197,0.137254398062791,-0.39839443145720893
CCONJ,-0.5533955467296205,0.5209432622505545,0.11906880083895935,0.1001472128315972,-0.14959942810349702,-0.5711344747957068,1.0,-0.036065610226736065,-0.28609673992808,-0.05047825854947778,-0.28808207328317026,-0.2154286044544833,-0.275190747394349,-0.1162051653607583,0.33746505901874735,0.062088211330761076,-0.41367447087155934,-0.44535035821213714,-0.03432421492766591,0.07493379458959122,-0.20464161253236302,0.48174493895622283,-0.4664934056317939,-0.1667188997979182,-0.11385843729449564,-0.0500197724097276,0.044847362672929596,-0.3478638282468452,-0.23358848926219625,0.30974520542638345,0.9785596855026067,0.30428107440548857,0.07224158148617714,0.11655550513945143,0.08006924349132363,-0.12105728586858872,0.17888564933301826,0.022909733126608416,0.5013759404204667,0.29312947468994854,-0.31712392940300316,-0.507671092933326,0.21624913632710172,-0.3946215666771201,0.0892942348851901,-0.21088923209491361,-0.17214692972375173,0.03156657802294014,-0.18178525955556202,-0.37190155471117337,-0.08855901010258839,0.5024069623197346
NOUN,0.2636292941936468,-0.25371830444487947,0.13925255810716122,-0.14858382246546584,-0.5950053493531222,-0.0025830533377884045,-0.036065610226736065,1.0,-0.17273031689038942,-0.6834615812735105,0.13863835073696346,0.01775306242120631,-0.7527427856581229,0.44292533787364463,0.5987813909458664,-0.3984801233164055,0.18139305024763033,-0.04380580292683828,0.330402506313928,-0.14307519141801794,0.3859919117546453,-0.14347724530919181,0.10670684160786596,-0.2266615539246319,0.4494147733563922,-0.3374330780130775,-0.4730949181880869,0.12415453621035187,0.835287592578045,0.15600920307334107,0.0349885975756585,-0.019003991250138248,0.4417629829128406,0.019661973790503516,0.5401718511709791,0.1810835369639578,0.7224467449478011,0.21386437504936373,-0.08361877425447448,0.2162452258849588,0.18453789344834753,0.2153796355042555,0.10286975494609336,0.09635728558400558,0.04017477369707048,-0.4600871033374255,-0.15614908596820257,-0.14489880091967558,-0.3687638557999742,-0.678634324987862,-0.27493284461580914,-0.27961516487005805
SCONJ,0.3431280988361774,-0.4931725184930868,-0.10223934262951861,-0.08093240619430483,0.4528937752953348,-0.02152062782257649,-0.28609673992808,-0.17273031689038942,1.0,0.0796790744886125,-0.09972684002490648,-0.648936976056572,0.1559165082633974,0.059379660222383494,-0.3175753555504267,0.3495477631958395,0.3121183222586313,0.2010175213274585,-0.23271517634921246,-0.6359051170597412,-0.014029017684676483,-0.5423631572477539,0.7126390730272048,0.9263239083582904,-0.11695982902311086,0.2613133815072738,0.4382538442324867,-0.035397633226980134,-0.0006367233917574487,0.004132198439880697,-0.2807868703524804,-0.3421792967832241,0.12567493706440624,-0.04000640690067326,0.1820656267768356,-0.053704890862790754,-0.25936083507677454,-0.08054162521004594,-0.4754353032740276,0.04088054908375505,-0.09861906791141456,0.06844051598983422,-0.218311730473471,-0.09595846732227159,-0.08404723113819998,-0.2512871107557436,0.05431986706484927,0.1016744117634319,-0.33766225370932307,0.3862434075087538,0.3773794694443344,-0.3827054509115916
VERB,-0.0981148854320666,0.07410774307802562,-0.4646540192780677,-0.16972083839578717,0.3185504021715062,0.05741258410925146,-0.05047825854947778,-0.6834615812735105,0.0796790744886125,1.0,-0.28263104395016986,0.12318990324996214,0.5016861718722692,-0.19859603954527255,-0.5647202095930848,0.3370443814718063,-0.09419272313548215,0.06970803477885149,-0.3238184757575796,0.22806872645985699,0.18352099793601676,-0.0223686434183093,-0.19658629172790937,0.07506290113742366,-0.448342128740905,0.44303485711619733,0.4189402766485705,-0.008868140751532796,-0.6819850352865434,-0.3397770018411676,-0.04838854541762749,-0.27276058422472815,-0.29535114639353616,-0.34906816042458877,-0.37869752313024846,0.06850782823234355,-0.3999991623926869,0.08230812942426123,0.013713820867794258,-0.3070138672099198,-0.28118792996241676,-0.09205306572214367,-0.41185049603066765,-0.25671938405072303,-0.12726052575735483,0.31951109775159303,0.4031950182601947,0.26911652230959854,0.45135940673348396,0.4472739153617538,0.14620280370985855,0.10546103533634013
ADP,0.19974782033951874,-0.12582579985665504,0.047597222360180796,0.42297043198922585,-0.17888507854884111,-0.08889731947893667,-0.28808207328317026,0.13863835073696346,-0.09972684002490648,-0.28263104395016986,1.0,0.15973502486422314,0.07375490466595952,-0.43783090105384903,-0.20079156534914022,-0.2739580807924759,0.04778772945270962,0.5488222875314741,0.22337855212704658,-0.1509385453537977,-0.5372434217024369,-0.09257674936460934,-0.032552748260722596,-0.003483179009810505,0.13463606930587366,-0.2913627875042576,-0.08972193616621903,0.3123676970354112,0.19631925004225573,0.0068193660040477295,-0.38198585414505165,-0.07088162489857618,0.1897785663611658,0.5551875196415774,-0.01683658968516703,0.040313761717874784,-0.15209830715029216,-0.2740146850218703,-0.08052733418727102,-0.14573589485692387,0.9744259920698138,0.4848182938495685,0.3978627619268902,0.3236815490241553,-0.3658243704003568,0.17664628865997875,-0.0749065555616899,-0.4490572958409392,0.20222317819650745,-0.14471578101678353,0.055406449979456096,-0.1495296011964649
PROPN,0.0971113315350295,0.0020418406313287784,0.030079395105966914,-0.24958944367343727,-0.21719641656928654,0.4555985933661942,-0.2154286044544833,0.01775306242120631,-0.648936976056572,0.12318990324996214,0.15973502486422314,1.0,-0.01759894633479925,-0.1404299999652412,0.18867946013936723,-0.33992316431750647,-0.3265189315860726,0.04821969051984997,0.4237598127893831,0.42164794445330106,0.062344434370899385,0.026818050129021755,-0.46029782895644233,-0.6256812446706485,0.011766046610456576,-0.31983454907762965,-0.12857027714757402,0.6264153836273506,-0.029255067930739904,-0.2835546721849558,-0.22210222727605317,0.016490269348125364,-0.2356440166745474,-0.03258684146045323,-0.11897260479681952,0.06070877990306594,-0.01350213199794717,-0.13413412294628074,0.21413162958843276,0.12728898398531535,0.16590087967000527,0.3573774732476763,0.010026036851192093,0.2829791004671668,0.12171464955228059,0.18982491001770563,0.35190451649169957,-0.021132534185113478,0.4584459808086576,0.03021300493123217,0.1019230853999471,-0.09248830243411298
PRON,0.032454383256595595,0.022378712645792834,-0.16422016481323828,0.24261040850491974,0.17875841758872232,0.1731303332336249,-0.275190747394349,-0.7527427856581229,0.1559165082633974,0.5016861718722692,0.07375490466595952,-0.01759894633479925,1.0,-0.260734331408607,-0.7686547490000575,-0.0374534693460754,0.19978756922275903,0.23915687512882006,-0.2978536624297654,0.07031511794334437,-0.17663702606333012,-0.036647126983567306,0.06707571300066609,0.1483968050730992,-0.3322034177515781,0.1002855143264495,0.339853240635533,-0.10701196604333116,-0.4920240718174807,-0.21672911575603826,-0.3172829664028151,0.06506160101482583,-0.3421622964784407,0.07755517650055158,-0.536823072765724,0.012272158848920633,-0.5771027024307236,-0.13227398658723807,0.09301289537958035,-0.4089277045765381,0.0617202673731904,-0.10934178191377267,-0.02456601465966639,-0.08833242936544859,-0.2223495113379429,0.546029909043535,0.15772117863091117,-0.024697469334550904,0.4961055326875101,0.4257965425388049,0.20994760240160415,-0.00315589233507827
NUM,0.22314416655797759,-0.20019982480929774,0.2007032970733723,-0.2960105676495773,-0.2624797569953483,0.08296776990523483,-0.1162051653607583,0.44292533787364463,0.059379660222383494,-0.19859603954527255,-0.43783090105384903,-0.1404299999652412,-0.260734331408607,1.0,0.34461132167393393,-0.2394708857599452,0.2191795993945699,-0.13244754472176376,-0.11597300851269943,-0.008883588606274084,0.5373130827325644,-0.15594112622712372,0.2730604555119148,-0.017599768007165457,-0.016503102801594758,0.06493098376339791,-0.3483301808560536,-0.003544437222247569,0.3018058098323838,0.16765597533143273,0.03869318967954389,0.04131383096148046,0.1088465725161436,-0.3598026988483624,0.4410317499865395,0.0043763890369501865,0.2608368021981094,0.7107431198679136,0.07257095616167819,-0.23936023481286814,-0.40402883162996844,0.07267051945058309,-0.13196839744801817,0.05395368384246297,0.3717482835940855,-0.20961842268250397,-0.11082139191413802,0.24156488503978074,-0.3677132524906131,-0.32767245878068046,-0.03767161261877101,-0.17040107835507576
ADJ,-0.12005142457835291,0.0639336844815673,0.533980714157957,-0.3543834997104002,-0.32895626323352817,-0.17465958288164815,0.33746505901874735,0.5987813909458664,-0.3175753555504267,-0.5647202095930848,-0.20079156534914022,0.18867946013936723,-0.7686547490000575,0.34461132167393393,1.0,-0.30233499528778035,-0.3746054442449532,-0.38040080024478573,0.38724072740147797,-0.04105526140011503,0.04015562146138284,0.10052924284796427,-0.026318244495074642,-0.2873902958626112,0.1387179596884172,-0.20818916407308202,-0.49612776762279004,0.2759058026207145,0.48029420465099676,0.12685258654372567,0.38377270916181744,0.1186632328816644,0.0416684225248991,-0.019257047121054388,0.35158841963919046,-0.22322832394566344,0.4548186542170411,0.0395111657028961,0.18400324145956407,0.3867579934479272,-0.22079956882142265,0.0994860027352139,0.1822002332493934,0.18239137422073654,0.5893208142366887,-0.32074168905267547,-0.16903438658967393,0.028673831608648576,-0.4119140740353571,-0.5031843943182962,-0.2304120882503996,0.14440684752103855
advmod:emph,-0.034852232934312374,0.04408255440318695,-0.30447444920776884,0.12607526484630383,0.8116793875288282,-0.09941554733940713,0.062088211330761076,-0.3984801233164055,0.3495477631958395,0.3370443814718063,-0.2739580807924759,-0.33992316431750647,-0.0374534693460754,-0.2394708857599452,-0.30233499528778035,1.0,-0.1926694316315185,-0.25648579064664156,-0.3116267233660316,0.036899202880589246,0.04081497308363496,-0.0014748563218924993,0.028249797435214268,0.3947328660892956,0.08787694542768518,0.4529430165735817,0.5657302315654892,-0.446290244178525,-0.3122009279890556,0.039115164074080826,-0.00031711229543699733,-0.005181353109101812,0.00150489921451643,-0.323451916319017,-0.17099038276907172,-0.11444346549149635,-0.25124281190921066,0.015882098197946004,-0.4349948788313293,-0.09617811153072296,-0.3195083075805666,-0.41901368273746353,-0.22147353499803366,-0.29752119654697196,-0.18243649586160607,-0.22786447070420895,0.018246389952739583,0.22484282734948832,-0.02620480588301777,0.5840160309063871,0.0769523850432129,0.09436647114893433
obl:arg,0.20509720305691165,-0.33345758305519163,0.0033002141966786943,-0.16174454678188904,-0.13003222279064883,0.2863511169360148,-0.41367447087155934,0.18139305024763033,0.3121183222586313,-0.09419272313548215,0.04778772945270962,-0.3265189315860726,0.19978756922275903,0.2191795993945699,-0.3746054442449532,-0.1926694316315185,1.0,0.5235246163515415,-0.2743452165156521,0.05623381680330674,0.2848626710419673,-0.22632264308816724,0.32478962475462836,0.08053932719815746,0.12671371873019613,-0.05531957087436916,-0.2915091288097478,-0.31491495738530634,0.1813096743881459,0.13537095471019206,-0.3209659047778808,0.11192123065672727,0.16637380693787143,-0.012506508356615384,0.13788875676179285,0.2668782330274484,0.10580627932945982,-0.006974568151277312,-0.39900724541194293,-0.1662047478066617,0.19515137382885359,0.08339302135894143,0.06486456096094756,0.21579555466883807,-0.12889012668259203,-0.09514988814617666,0.14487512392279023,0.05579104148438234,-0.18677228640263827,0.01731831213768939,0.12314222062850744,-0.4000112037356967
aux,0.43675014230758086,-0.473293168339122,0.20993155532958782,-0.1215624435343167,0.03835146282541128,0.1753506796155181,-0.44535035821213714,-0.04380580292683828,0.2010175213274585,0.06970803477885149,0.5488222875314741,0.04821969051984997,0.23915687512882006,-0.13244754472176376,-0.38040080024478573,-0.25648579064664156,0.5235246163515415,1.0,-0.09429786593079796,-0.10894241507171744,-0.22069599774035342,-0.46872206025046875,0.13759766793113856,0.06413356574170624,-0.10569553834011883,0.07312081469882406,-0.1621898262251393,0.27787107704190517,-0.04206462341088493,-0.08562717592650683,-0.3970593555498179,-0.15361054557298431,0.3074314634692279,0.49674149119781436,-0.025094286915591662,0.3613483452695542,-0.3270536702339813,-0.1726016179269042,-0.06950064235972277,-0.12467342039322805,0.6597641133163135,0.619209388733076,0.3126275344810085,0.4417964864848692,-0.07710730937038653,0.178302425597756,0.2451862307696063,-0.10849324481494493,-0.06697654103741338,0.18374405437452065,0.45153159879876753,-0.5026546049180605
flat,0.017053935253702555,-0.024096197462838146,0.12808452497829598,-0.21522458989532942,-0.243325570544452,0.07948320417003087,-0.03432421492766591,0.330402506313928,-0.23271517634921246,-0.3238184757575796,0.22337855212704658,0.4237598127893831,-0.2978536624297654,-0.11597300851269943,0.38724072740147797,-0.3116267233660316,-0.2743452165156521,-0.09429786593079796,1.0,-0.19288100768884361,-0.1302686307888284,-0.04175287672180292,0.0343185692746125,-0.09198263428233294,-0.02834718071076175,-0.47034705945196154,-0.07634306152106357,0.4430957155825287,0.29434939250805614,0.39083879198396493,-0.038849306990581874,0.15623496310256177,-0.01795921353495315,0.07757686164151663,0.11212221571662594,-0.09874105152185976,0.20009660194237966,-0.20582161357725068,-0.07994844896365737,0.31896088601087264,0.13370869413129718,0.39255567915317907,0.16207955360927165,0.33412548268089026,0.08671861450309017,-0.18656306167112993,0.06875043096244897,-0.5662052079368466,-0.09899158214282204,-0.2216591485848784,-0.23865613213557121,0.009156107932917039
conj:expl,-0.2763330373746331,0.29532787368066205,0.011984345201302052,-0.10624885461940077,0.019601425489502746,0.0477681898897035,0.07493379458959122,-0.14307519141801794,-0.6359051170597412,0.22806872645985699,-0.1509385453537977,0.42164794445330106,0.07031511794334437,-0.008883588606274084,-0.04105526140011503,0.036899202880589246,0.05623381680330674,-0.10894241507171744,-0.19288100768884361,1.0,0.13978299858933996,0.3585253895009025,-0.7481459448467636,-0.7050988684821763,0.1747750682877504,0.13130340655563927,-0.2733893318678467,-0.2259811683381811,-0.23338453260749684,-0.07484046142850855,0.10689133701757826,0.3280913951661345,-0.15059671671551686,-0.33325885837810404,0.012308728338009901,-0.1086492403249345,0.231644613848319,-0.061713945456368095,0.06505205876731208,-0.10896793230817296,-0.08874385455038056,-0.09351054461980164,0.19130514306241758,0.01959153883257628,-0.0312096193693723,0.19732043052746165,0.22339821587520617,0.35664826029137486,0.3086346605662151,0.026489401433600325,-0.0770139580882432,0.2179374415223348
nsubj,0.3457121687812821,-0.31118965480607835,-0.29429911300793216,-0.4198596047725491,-0.2377912625907289,0.39645011183009815,-0.20464161253236302,0.3859919117546453,-0.014029017684676483,0.18352099793601676,-0.5372434217024369,0.062344434370899385,-0.17663702606333012,0.5373130827325644,0.04015562146138284,0.04081497308363496,0.2848626710419673,-0.22069599774035342,-0.1302686307888284,0.13978299858933996,1.0,-0.23893257230553458,0.10204656376125637,-0.18424842327956187,0.12778103721431558,0.10198376984777878,0.045077056352561894,-0.15845418316193308,0.3461225333119546,-0.1577758993594964,-0.09235381837144001,-0.015504482715203986,0.04111700603259176,-0.5271542871556222,0.09922606667662738,0.3111963042415645,0.36592031718138257,0.4306839679174413,-0.20879073588355412,-0.12876083356004622,-0.46292056002328225,-0.24095040008309163,-0.3801981895371304,-0.25618730367885634,-0.019346315024979136,-0.30963754112167163,0.18818665505190982,0.35209240140038317,0.07123789642024285,-0.1023754271453529,-0.11104410590111134,-0.35354082328619013
root,-0.9112654900637784,0.9760451418220767,-0.18320564994855892,0.47066782245154953,-0.14584367587154598,-0.18457283871276137,0.48174493895622283,-0.14347724530919181,-0.5423631572477539,-0.0223686434183093,-0.09257674936460934,0.026818050129021755,-0.036647126983567306,-0.15594112622712372,0.10052924284796427,-0.0014748563218924993,-0.22632264308816724,-0.46872206025046875,-0.04175287672180292,0.3585253895009025,-0.23893257230553458,1.0,-0.42770979312237556,-0.4235590234539901,-0.21519585552511036,-0.07153352272920033,-0.2433908177547577,-0.40743380700404636,-0.36325244862991046,0.21953793179809095,0.4259029457874708,0.24012697548856288,-0.49548377328750126,-0.023479534231686625,-0.1620028241738942,-0.2991508974472245,0.04018496398078132,0.08134014804582429,0.32466523643790685,0.014829715884292428,-0.1588641836852071,-0.45229327505936984,-0.15256718102080102,-0.038079609967173286,-0.04040900551827737,0.3675694003257482,-0.5429887640583663,-0.12157027928523167,0.11217188222214351,-0.11970366369639338,-0.5814355933269768,0.8995068306369159
advcl,0.34150221207178355,-0.4346392081131252,0.09051992019288964,-0.14961829869415125,0.11471793452646292,0.23155863667460605,-0.4664934056317939,0.10670684160786596,0.7126390730272048,-0.19658629172790937,-0.032552748260722596,-0.46029782895644233,0.06707571300066609,0.2730604555119148,-0.026318244495074642,0.028249797435214268,0.32478962475462836,0.13759766793113856,0.0343185692746125,-0.7481459448467636,0.10204656376125637,-0.42770979312237556,1.0,0.6647663998479807,-0.08627923417541875,-0.012982197343138496,0.025164972226708267,0.042241574720011055,0.31859327284009115,0.13167820214651577,-0.4483483924039055,-0.12992880194907333,-0.02674011137528413,-0.007944328310720648,-0.11563330798588621,0.03287519552046127,-0.26283670820472493,0.16002040605641485,-0.4506192554590275,-0.2210816825793168,-0.0507241794973838,0.05719088808189413,-0.18806729787225562,0.2491265636232777,0.20555996832376916,-0.18409970357368247,-0.1393047276191218,-0.14324864877812366,-0.25251758205969316,0.15114945212051198,-0.008254143269179821,-0.317141465309776
mark,0.2362073123671356,-0.3424990673957819,-0.1231658066199608,0.09493390163219696,0.45812560995191187,-0.21814076286565665,-0.1667188997979182,-0.2266615539246319,0.9263239083582904,0.07506290113742366,-0.003483179009810505,-0.6256812446706485,0.1483968050730992,-0.017599768007165457,-0.2873902958626112,0.3947328660892956,0.08053932719815746,0.06413356574170624,-0.09198263428233294,-0.7050988684821763,-0.18424842327956187,-0.4235590234539901,0.6647663998479807,1.0,-0.16218227249563158,0.10583813355994226,0.5203080123813958,0.006612330238715482,-0.056785578854285174,0.07378907792248639,-0.20433703251857457,-0.3117878240071087,0.0782390964802968,-0.06473456280759685,0.161496856161619,-0.21961829448072248,-0.3096602858167535,-0.039119547502800216,-0.4117233137612506,-0.012778659883149954,-0.06850328584760378,0.05263411966778118,-0.22761438341488843,-0.19164748167299886,-0.08884804487789745,-0.26550612478207125,0.04818006373983122,-0.12252942872921214,-0.3305592381416102,0.29856337680064315,0.3125645078828838,-0.2068746708391899
det,0.2870510477756351,-0.29601908876593863,-0.03412019826861621,0.060147321204273727,-0.09859815802660116,0.06656499606301318,-0.11385843729449564,0.4494147733563922,-0.11695982902311086,-0.448342128740905,0.13463606930587366,0.011766046610456576,-0.3322034177515781,-0.016503102801594758,0.1387179596884172,0.08787694542768518,0.12671371873019613,-0.10569553834011883,-0.02834718071076175,0.1747750682877504,0.12778103721431558,-0.21519585552511036,-0.08627923417541875,-0.16218227249563158,1.0,-0.23608188416977272,-0.224891079723453,-0.10019038738422247,0.4879988541012269,-0.0647139277716802,-0.14530594004175176,-0.018869744936808673,0.648928917228056,-0.1062896651409031,0.15274415332336927,0.3462464696730786,0.5915459134869593,-0.05213096682531082,-0.20495533370670466,0.07416069697195762,0.20981566606227017,-0.051820736719372915,0.14471465609270512,-0.08401846009295749,-0.16466185446272733,-0.3697293455313825,0.18740713312506757,0.059668736447349977,0.029032970241937423,-0.30203161284372143,-0.047669473868061064,-0.37745111979458645
csubj,-0.02658461144637723,0.00782599266377584,-0.0750925158700547,-0.08724774747597361,0.462052276798871,-0.05837357127720586,-0.0500197724097276,-0.3374330780130775,0.2613133815072738,0.44303485711619733,-0.2913627875042576,-0.31983454907762965,0.1002855143264495,0.06493098376339791,-0.20818916407308202,0.4529430165735817,-0.05531957087436916,0.07312081469882406,-0.47034705945196154,0.13130340655563927,0.10198376984777878,-0.07153352272920033,-0.012982197343138496,0.10583813355994226,-0.23608188416977272,1.0,0.17025630461928926,-0.2141586232489167,-0.36583629121852485,-0.18668735625223648,0.0010035856740007656,-0.29482371449075223,-0.03234217223714677,-0.005604667737793199,-0.12125880004851888,0.1204443434021061,-0.1969977176669976,0.03934863840603243,-0.07403428379642552,-0.17740724325426588,-0.2879308021255572,-0.034874075642603496,-0.15007346769252813,0.012739086323459608,0.025100925034527016,0.3755185421569152,-0.24631485448278323,0.5777170796312097,-0.04280760114913489,0.4177754990378572,-0.07994017426154677,0.12463701379534799
xcomp,0.241212206761111,-0.15486879152396527,-0.3965153297142816,0.20236384118106818,0.45518684774370266,0.01488909596475588,0.044847362672929596,-0.4730949181880869,0.4382538442324867,0.4189402766485705,-0.08972193616621903,-0.12857027714757402,0.339853240635533,-0.3483301808560536,-0.49612776762279004,0.5657302315654892,-0.2915091288097478,-0.1621898262251393,-0.07634306152106357,-0.2733893318678467,0.045077056352561894,-0.2433908177547577,0.025164972226708267,0.5203080123813958,-0.224891079723453,0.17025630461928926,1.0,-0.04490411616432263,-0.30658436956709334,-0.13779983723760764,-0.03484212451117176,-0.10100108271172885,-0.12206840001774306,-0.029688736609336037,-0.12406407765157261,-0.051645064940058584,-0.405811048113978,-0.16118176173413046,-0.1728872682929299,0.054616016812853434,-0.17617378307391085,-0.27485119254160106,-0.2274670297780262,-0.4932576877559646,-0.38872370161001574,-0.1275996152227423,0.1547821950946915,0.08274286396242578,0.19507007135641843,0.485810119898845,0.39022559762060366,-0.14688232014786048
obl,0.35303608302219885,-0.3586944354522251,0.1938492335372209,-0.2773205382244,-0.2066564890362835,0.2341796976973666,-0.3478638282468452,0.12415453621035187,-0.035397633226980134,-0.008868140751532796,0.3123676970354112,0.6264153836273506,-0.10701196604333116,-0.003544437222247569,0.2759058026207145,-0.446290244178525,-0.31491495738530634,0.27787107704190517,0.4430957155825287,-0.2259811683381811,-0.15845418316193308,-0.40743380700404636,0.042241574720011055,0.006612330238715482,-0.10019038738422247,-0.2141586232489167,-0.04490411616432263,1.0,0.08188218489037177,-0.37164491492825424,-0.3417747076045931,-0.47150395889243546,-0.022036742589119918,0.2005795730239693,0.19507432658588425,0.04136315263431779,-0.0882578168556125,-0.20393517144271037,0.12133419872882455,0.21692799032814558,0.2865098716018503,0.7585558347203046,-0.09616758696309899,0.34221989749887466,0.29595464160789986,0.13374056726684244,0.3217134578087998,-0.06026335933460259,0.039389437417335416,-0.07106650001641314,0.3191981366572133,-0.30913833984003053
nmod,0.49715346440332564,-0.47187944220675665,0.19553642434611995,-0.1510892850985852,-0.3880388584049763,0.001197445550090832,-0.23358848926219625,0.835287592578045,-0.0006367233917574487,-0.6819850352865434,0.19631925004225573,-0.029255067930739904,-0.4920240718174807,0.3018058098323838,0.48029420465099676,-0.3122009279890556,0.1813096743881459,-0.04206462341088493,0.29434939250805614,-0.23338453260749684,0.3461225333119546,-0.36325244862991046,0.31859327284009115,-0.056785578854285174,0.4879988541012269,-0.36583629121852485,-0.30658436956709334,0.08188218489037177,1.0,0.027064804144081595,-0.20726811536847173,0.09345214176192657,0.37323045539431304,-0.04621820092383177,0.3141235185130406,0.0055147760349791245,0.5682613369186752,0.0808541017428768,-0.21942254167329728,0.1384340549477191,0.2289330238364582,0.14715623551604723,0.25971895792916555,-0.0003091473576956812,-0.056131635906327956,-0.49512281347313647,-0.0701697782912948,-0.23525656591772673,-0.17613205633887502,-0.461216114195313,-0.18787677734668107,-0.45660053290219305
advcl:cmpr,-0.25529908942558877,0.17046952875700164,0.1488192299531808,-0.0835100760387599,-0.0197410494936504,-0.09169958989905033,0.30974520542638345,0.15600920307334107,0.004132198439880697,-0.3397770018411676,0.0068193660040477295,-0.2835546721849558,-0.21672911575603826,0.16765597533143273,0.12685258654372567,0.039115164074080826,0.13537095471019206,-0.08562717592650683,0.39083879198396493,-0.07484046142850855,-0.1577758993594964,0.21953793179809095,0.13167820214651577,0.07378907792248639,-0.0647139277716802,-0.18668735625223648,-0.13779983723760764,-0.37164491492825424,0.027064804144081595,1.0,0.3410683432289111,0.6230162757275564,0.09812711628325048,0.020551987721653925,0.1346397340172498,-0.0853967447798917,0.008084300161245355,0.22735663713529708,-0.1756399248549375,-0.08564723210842362,-0.025034997383446594,-0.1599904405737053,0.40902729329437054,0.3350277393365465,-0.004074439966402246,-0.3953524526599735,-0.2502432987834542,-0.25150237344708065,-0.254385290400327,-0.16332354607797903,-0.17067929471775964,0.1614239175274833
cc,-0.508642948534102,0.4607307642966299,0.1783425189529832,-0.02571875894384818,-0.19583411023967257,-0.533836518344971,0.9785596855026067,0.0349885975756585,-0.2807868703524804,-0.04838854541762749,-0.38198585414505165,-0.22210222727605317,-0.3172829664028151,0.03869318967954389,0.38377270916181744,-0.00031711229543699733,-0.3209659047778808,-0.3970593555498179,-0.038849306990581874,0.10689133701757826,-0.09235381837144001,0.4259029457874708,-0.4483483924039055,-0.20433703251857457,-0.14530594004175176,0.0010035856740007656,-0.03484212451117176,-0.3417747076045931,-0.20726811536847173,0.3410683432289111,1.0,0.3129524311855863,0.10838309030400167,0.08258822987249048,0.1590016185488842,-0.07073315158410659,0.2332309832548212,0.09423310507177951,0.5094551194947534,0.2903287881933625,-0.38925060536690625,-0.4522652295542097,0.21667815482833575,-0.34855381919144396,0.1700502884228503,-0.23346633468808026,-0.14594802750039085,0.09551842460612164,-0.27404341288433176,-0.4085735695557647,-0.07361201660717638,0.44655978516057115
nsubj:pass,-0.13103097169981845,0.14646029368307506,0.4192120599560525,-0.10553144870585926,-0.03949698455702216,0.011291260992784838,0.30428107440548857,-0.019003991250138248,-0.3421792967832241,-0.27276058422472815,-0.07088162489857618,0.016490269348125364,0.06506160101482583,0.04131383096148046,0.1186632328816644,-0.005181353109101812,0.11192123065672727,-0.15361054557298431,0.15623496310256177,0.3280913951661345,-0.015504482715203986,0.24012697548856288,-0.12992880194907333,-0.3117878240071087,-0.018869744936808673,-0.29482371449075223,-0.10100108271172885,-0.47150395889243546,0.09345214176192657,0.6230162757275564,0.3129524311855863,1.0,-0.16432658227380378,0.0005414526659868559,-0.19191262241557186,-0.20042608632467374,-0.10844240101341118,0.02130096651868812,-0.06745900473284315,-0.19747921073010388,-0.07360377899518397,-0.4288389396537099,0.6510895476695945,0.15811045292339562,0.12255782500577253,-0.2976445662421055,-0.024551714961368425,-0.07889967024667215,0.045209599557554866,-0.07678064565540729,-0.013873920147035802,0.10736377220109264
discourse,0.47438050418741096,-0.48929741322496945,0.03277382338080569,-0.05140903099675293,-0.07508565922841651,-0.22755396819966786,0.07224158148617714,0.4417629829128406,0.12567493706440624,-0.29535114639353616,0.1897785663611658,-0.2356440166745474,-0.3421622964784407,0.1088465725161436,0.0416684225248991,0.00150489921451643,0.16637380693787143,0.3074314634692279,-0.01795921353495315,-0.15059671671551686,0.04111700603259176,-0.49548377328750126,-0.02674011137528413,0.0782390964802968,0.648928917228056,-0.03234217223714677,-0.12206840001774306,-0.022036742589119918,0.37323045539431304,0.09812711628325048,0.10838309030400167,-0.16432658227380378,1.0,0.15418513998110978,0.31380714403036297,0.5126925547319781,0.4580478549147339,0.14647531656823926,0.07143509115096809,0.12662702869170378,0.28773504107032677,0.21893004134872607,0.2952678961280681,-0.15128920363355605,-0.22237621148473577,-0.4321951074100829,0.2067532092013278,-0.09351022277793095,-0.2574448174143607,-0.3458621325092547,0.19791096476997638,-0.5425115626836102
csubj:pass,0.06337917682530188,0.0010736103215622324,0.38743432249618054,0.31512026401323995,-0.2090588194288163,0.017505034199741903,0.11655550513945143,0.019661973790503516,-0.04000640690067326,-0.34906816042458877,0.5551875196415774,-0.03258684146045323,0.07755517650055158,-0.3598026988483624,-0.019257047121054388,-0.323451916319017,-0.012506508356615384,0.49674149119781436,0.07757686164151663,-0.33325885837810404,-0.5271542871556222,-0.023479534231686625,-0.007944328310720648,-0.06473456280759685,-0.1062896651409031,-0.005604667737793199,-0.029688736609336037,0.2005795730239693,-0.04621820092383177,0.020551987721653925,0.08258822987249048,0.0005414526659868559,0.15418513998110978,1.0,-0.15538968602638395,0.3554123584753245,-0.2985422001126902,-0.3939062339966178,0.2987164731481992,0.14732503562160948,0.5538781701452997,0.21200430916574556,0.3898614338005558,0.34212200508982865,0.04661089181377104,0.3229764753346867,-0.3299019427380891,-0.13299932765722616,-0.15051656549289066,-0.09057610476620805,0.15466861842403823,-0.03394723630765967
acl,0.11961737671954151,-0.1972901165192366,0.0893622916283826,-0.110794735600697,-0.16277029214765001,-0.2807704425728383,0.08006924349132363,0.5401718511709791,0.1820656267768356,-0.37869752313024846,-0.01683658968516703,-0.11897260479681952,-0.536823072765724,0.4410317499865395,0.35158841963919046,-0.17099038276907172,0.13788875676179285,-0.025094286915591662,0.11212221571662594,0.012308728338009901,0.09922606667662738,-0.1620028241738942,-0.11563330798588621,0.161496856161619,0.15274415332336927,-0.12125880004851888,-0.12406407765157261,0.19507432658588425,0.3141235185130406,0.1346397340172498,0.1590016185488842,-0.19191262241557186,0.31380714403036297,-0.15538968602638395,1.0,-0.2585529764222799,0.5507158244903249,0.0474527006019903,-0.07616383802246537,0.4292825520401734,0.008642746111601663,0.38416381158758417,0.023108458313065912,-0.10069312103935944,-0.028874128126588197,-0.42067893436935827,0.0419427476737499,0.0905847924599428,-0.5678034161233565,-0.3550432971943869,0.2205424357656926,-0.18827992952785258
expl:pass,0.3319964879641385,-0.3083009079853809,-0.15335857106721537,-0.12123530705053276,-0.2932106393908137,0.4751658543956178,-0.12105728586858872,0.1810835369639578,-0.053704890862790754,0.06850782823234355,0.040313761717874784,0.06070877990306594,0.012272158848920633,0.0043763890369501865,-0.22322832394566344,-0.11444346549149635,0.2668782330274484,0.3613483452695542,-0.09874105152185976,-0.1086492403249345,0.3111963042415645,-0.2991508974472245,0.03287519552046127,-0.21961829448072248,0.3462464696730786,0.1204443434021061,-0.051645064940058584,0.04136315263431779,0.0055147760349791245,-0.0853967447798917,-0.07073315158410659,-0.20042608632467374,0.5126925547319781,0.3554123584753245,-0.2585529764222799,1.0,0.07204718722858457,0.11624933135863635,0.09011278608331451,-0.1243379119649425,0.14952334214951163,0.005093973879666903,-0.09793794266937206,0.15425985625875752,-0.05897069256538936,0.05414843378032354,0.1170058137282846,0.20517224024173944,0.12891079166003758,-0.12977578874061932,0.05449214736603411,-0.4298819185322156
amod,-0.035251558516545906,-0.01822769380753418,-0.10135186295570132,-0.12110263889979873,-0.4582763294356864,-0.23413023643133954,0.17888564933301826,0.7224467449478011,-0.25936083507677454,-0.3999991623926869,-0.15209830715029216,-0.01350213199794717,-0.5771027024307236,0.2608368021981094,0.4548186542170411,-0.25124281190921066,0.10580627932945982,-0.3270536702339813,0.20009660194237966,0.231644613848319,0.36592031718138257,0.04018496398078132,-0.26283670820472493,-0.3096602858167535,0.5915459134869593,-0.1969977176669976,-0.405811048113978,-0.0882578168556125,0.5682613369186752,0.008084300161245355,0.2332309832548212,-0.10844240101341118,0.4580478549147339,-0.2985422001126902,0.5507158244903249,0.07204718722858457,1.0,0.039093661781301574,0.02983943771757836,0.3842624148659926,-0.09622595904945726,0.041918702117002174,-0.01564566773382096,-0.26884005684264123,-0.12688174047931555,-0.3377735553198746,0.03393304635406914,-0.03361626194704478,-0.23318575001892916,-0.6328160046589727,-0.3823522033812356,-0.05324231638858572
nummod,0.06973858563476189,0.05867996653831396,-0.25407643375402617,0.020684833613452237,-0.1385087137641813,0.011770336004976194,0.022909733126608416,0.21386437504936373,-0.08054162521004594,0.08230812942426123,-0.2740146850218703,-0.13413412294628074,-0.13227398658723807,0.7107431198679136,0.0395111657028961,0.015882098197946004,-0.006974568151277312,-0.1726016179269042,-0.20582161357725068,-0.061713945456368095,0.4306839679174413,0.08134014804582429,0.16002040605641485,-0.039119547502800216,-0.05213096682531082,0.03934863840603243,-0.16118176173413046,-0.20393517144271037,0.0808541017428768,0.22735663713529708,0.09423310507177951,0.02130096651868812,0.14647531656823926,-0.3939062339966178,0.0474527006019903,0.11624933135863635,0.039093661781301574,1.0,0.23869971003059198,-0.4659995010732464,-0.26625712388840084,-0.19013144012340313,-0.24004762542104013,-0.14287140705473336,-0.02303440749707345,-0.15107736112724507,-0.21956465392320876,-0.014128165454022418,0.04882560983278831,-0.20490304628312506,-0.18538335944061,0.005597588404243679
