,len,PUNCT,AUX,X,ADV,PART,CCONJ,NOUN,SCONJ,VERB,ADP,PROPN,PRON,NUM,ADJ,advmod:emph,obl:arg,aux,flat,nsubj,root,advcl,mark,det,csubj,xcomp,obl,nmod,cc,nsubj:pass,discourse,csubj:pass,acl,expl:pass,amod,nummod,conj,appos,case,xcomp:pred,aux:pass,advmod:neg,cop,obj,ccomp,fixed,acl:relcl,advmod,orphan,punct
len,1.0,-0.6142610196255854,0.3731063598353911,0.4357302051866168,0.09986053502170728,0.4535428429355606,0.15761811835001682,-0.5084731776483848,-0.08383988878190811,0.27778420682028665,0.08609104142940714,-0.1771728853640871,0.17369426294279502,-0.014615120768716487,0.2432712344974597,0.2841000786741283,0.1130111863339694,-0.3064401859691567,0.21343784390590007,-0.3207133664395695,-0.946285527212708,0.37301919956640045,-0.08363207827920421,0.21074908784052862,-0.29070152013840184,0.4663304130342976,-0.5066586916133401,-0.20475933393296852,0.20861681416624572,0.402061052286356,-0.19077194972385988,0.03929368550931415,0.44957157245366286,-0.5461527482251702,0.08190040195386894,-0.19645412020418787,0.22896278028219133,-0.005429205614956862,-0.09465482386494661,0.30955260196640244,0.18274548768210083,-0.13247531101589455,0.48788890790287165,0.15278634387564508,0.38371327187194476,-0.19861546010415354,-0.2534502799667067,0.11295360643820251,-0.21722254235081054,-0.8393302650098223
PUNCT,-0.6142610196255854,1.0,-0.27481417263249325,-0.49940516940020135,0.19006383440642666,-0.30012304218940494,-0.09672372715940872,0.4458366335995731,-0.3256519822693072,-0.4187654030294916,-0.19157634409967572,0.014101150141657463,-0.2818982652821803,0.07401111193227633,-0.06229058883876054,-0.014526173439273165,-0.4048362190712975,-0.0021979865820295616,0.009360101204231103,-0.22779148365120702,0.7074664522660066,-0.49868111498126744,-0.21667164386669707,-0.1776732066995609,0.1091147251142385,-0.11642013256974973,0.1615303270021171,0.446169246627716,-0.07326525532555458,0.09265614081101758,0.006797865628455492,-0.20824013500163926,-0.5149202501462,0.17242370043901717,0.16190188868907512,0.45562965194999866,0.0757497096729344,0.27665529864859106,-0.2427175643133986,-0.2960260386551079,-0.173179210359238,-0.3004599475028478,-0.41820041224906496,-0.22421969853629084,-0.14126130535297507,-0.07380509766215891,0.47764304687970943,0.12330337275391218,-0.03863451250974424,0.9095473532167933
AUX,0.3731063598353911,-0.27481417263249325,1.0,0.2826329656807737,-0.31310852746690343,-0.1869650589278029,-0.028664571655224454,0.23110171833092458,-0.302466935464487,-0.4228241081949475,0.025354957340073474,0.40659067725319054,-0.11371476765112173,0.21382846422503102,0.5809361298559036,0.5693254724240414,-0.3696012541975549,0.16683276844494419,0.22591639281118117,0.007956532983296268,-0.26436189002048693,0.24764799016038538,-0.3483648029501547,-0.0808132121451521,-0.3306747032250262,-0.21480246436550154,0.1644675886742761,-0.06297180060054412,-0.1701053048855314,0.014143963836031464,0.491294671587142,0.39830416474445446,0.23377380141748763,-0.3336890257647348,0.6414083771324622,0.06531784362620395,0.19667965125827913,-0.4046584156905503,-0.03157311139754268,0.30692434380880707,0.6340311389817426,-0.25504232073488636,0.3249220443940273,0.42952510063587473,-0.28051552571393457,0.29499235067404916,-0.25796612811130115,-0.6443908136297746,-0.230886222840199,-0.319142833648903
X,0.4357302051866168,-0.49940516940020135,0.2826329656807737,1.0,-0.1827101569274216,0.1884199790507695,0.06259888808705068,-0.15599672783463905,0.08047086854473363,0.28099706065612207,0.06513590788554259,0.37265058381492006,-0.2604901106687854,-0.11491526732450683,0.3582309988231245,-0.22686370022816194,-0.20772346250226714,-0.19303818640239703,0.36241399791202505,0.13392211339828017,-0.4921712485925022,-0.014929810764964278,0.24268831656492335,0.11930747330002585,-0.011030278430388346,0.07517463882667963,-0.2363026290546171,-0.05081492426561388,-0.010306082835397445,-0.10408792545159266,0.23250853025010157,0.6881273580627963,0.45111579223146214,-0.0028480308455093263,-0.011517842092972339,-0.1872656876168401,0.3131032499616792,0.18938259659678236,-0.020242300317494945,-0.06871594878188032,0.7469382979042666,0.07047905758597324,-0.19890225024261685,0.2612604115461193,-0.05423497734796293,0.38756375417457095,-0.7763765560412584,0.11496903793849542,-0.25733470236092876,-0.5348997339629246
ADV,0.09986053502170728,0.19006383440642666,-0.31310852746690343,-0.1827101569274216,1.0,-0.0743301563690772,-0.3558266663752854,-0.6337018251431491,0.1982869730027142,0.34922377955717887,-0.32182480255954693,-0.6380516072088267,0.6657345253275907,-0.2165892355321782,-0.5691804860227936,-0.032650319707440645,0.22865348897894458,-0.8121200362059655,-0.29566373891011527,-0.3544287469408296,-0.00934418407917723,-0.24904209604083863,-0.1708355827097839,0.2430140203599922,0.2064893514719718,0.7857989587803135,-0.16269644849399673,-0.4830126212372785,-0.12397719598949596,0.5471829868479776,-0.279567052483502,0.13338488915078434,-0.42528615403787745,-0.26927460755560634,-0.4773340508704318,-0.23293169802111185,-0.474950564650085,0.04555352366925245,-0.26103278274137237,0.3751028310441007,-0.4103796622052299,-0.2759660342513206,0.2708365253130994,0.21271388074086905,0.7922808417272194,-0.15760044290436112,0.5713408671612276,0.7077813874989797,-0.20209372643010828,0.004580023348430375
PART,0.4535428429355606,-0.30012304218940494,-0.1869650589278029,0.1884199790507695,-0.0743301563690772,1.0,0.636790385482495,-0.4845768018463721,0.20401695305464201,0.4498853345597685,-0.050500887155994614,-0.2172586404271673,-0.059221084073822164,-0.563079990461268,0.1128770463187029,0.2684107715290117,0.08163374324052818,-0.3101336480875715,0.30046716753721237,-0.23087188521267887,-0.3520140193417538,0.17978129284029754,0.201663698184005,0.31457907717799166,0.08450816202383735,0.3048388434102242,-0.4556768401707918,-0.16401541359238195,0.6570267261581911,-0.3410689639807138,-0.14364112618551628,-0.24294439168459264,0.20566705535828844,-0.5726203568463811,0.04740392839721389,-0.5276711714988709,0.3470027422902016,0.01621458435984361,-0.11903239450235512,-0.36560411343287946,0.13503587835874273,0.01721741182939148,0.06321592683980827,-0.08372556930704084,-0.15667614090089174,0.13817836910228445,-0.1570924647145106,0.22023940012645646,-0.1619694034392968,-0.28699562026968556
CCONJ,0.15761811835001682,-0.09672372715940872,-0.028664571655224454,0.06259888808705068,-0.3558266663752854,0.636790385482495,1.0,0.0794319306476292,0.17207709269686328,-0.19950768637755473,-0.11147549039675964,0.01120194127176425,-0.5173953818121881,-0.6543216155357882,0.5560919100579422,0.49276092104596547,0.009802616866854465,-0.06003040623637028,0.3740037455589293,-0.5493903284826684,-0.12216382006910036,0.10296215418382146,0.09372696376575078,0.33805345093237443,-0.20325824419419597,-0.22760328379135447,-0.46104205866640946,-0.09936720847149008,0.9638367354932112,-0.33827884145219783,0.33700458480786705,-0.4006276454321317,0.504386230276709,-0.03755538562065263,0.4748204994295072,-0.44549747726467465,0.4301934676094071,-0.03278069758090458,-0.0957353499811948,-0.4007185823149581,0.18278479368790612,-0.41935439220810183,-0.17948497190804616,0.17679759868072212,-0.39665673640373944,0.25172648432954864,-0.1328103002262101,-0.28899459920555043,-0.35744475027666683,-0.02858963725700939
NOUN,-0.5084731776483848,0.4458366335995731,0.23110171833092458,-0.15599672783463905,-0.6337018251431491,-0.4845768018463721,0.0794319306476292,1.0,-0.4218060697502564,-0.7406265302371076,0.12308675197338227,0.5183526151705892,-0.6836783480600344,0.42059617427152657,0.35052710176711804,-0.07560726721565578,-0.4026084254393868,0.6968500449726539,-0.0553603362426068,0.15058426650479845,0.45890628051032945,-0.0646557753225151,-0.019025001701629442,-0.3058454774340771,-0.10233741585099347,-0.8083069121304527,0.2673236301986654,0.6846314318699758,-0.09116914286850772,-0.17510054412673556,0.3917707132736879,-0.05399359101805683,0.1259658392096987,0.5911338176619805,0.45498335424626946,0.6464168164653532,0.1537202666331416,-0.04973176579320973,0.047534105501629474,-0.3976225749562048,0.2169158333439642,0.02900680517999302,-0.48682915355916234,-0.11048835136258844,-0.6502370149806083,-0.030863541764464743,-0.03686827451537745,-0.6201670639931963,-0.06153756223517145,0.5025900262588883
SCONJ,-0.08383988878190811,-0.3256519822693072,-0.302466935464487,0.08047086854473363,0.1982869730027142,0.20401695305464201,0.17207709269686328,-0.4218060697502564,1.0,0.6140509522163674,-0.6556979725186968,-0.5485691733614715,0.23028745959215363,-0.47332935500648504,-0.0984417768514512,-0.07280229342202209,0.7853720057505202,-0.3484851251230241,-0.18022420520168095,0.047077914665026054,-0.06708073558068187,0.18004678518867487,0.6881744037063512,-0.22767589911882355,0.4953251353443414,0.3780339973556403,-0.42823638411171566,-0.7007930848695855,0.2557560511014121,-0.26761824154475966,0.3669762126404312,0.013596158975152548,-0.2615635543023406,0.07178784482771006,-0.3943257968847681,-0.5481868197798184,-0.25581353505099835,-0.04992552303304604,-0.3621741923189126,0.2758487232830382,-0.10898627762935789,-0.055798688823830225,0.1903213152540795,0.4846709372468394,0.2198214404208921,0.1792936217354365,-0.05747578175924796,0.2623030566665172,0.06976164264193407,-0.24089896870827177
VERB,0.27778420682028665,-0.4187654030294916,-0.4228241081949475,0.28099706065612207,0.34922377955717887,0.4498853345597685,-0.19950768637755473,-0.7406265302371076,0.6140509522163674,1.0,-0.3093835978203153,-0.5463617950774191,0.4942554543295611,-0.19041738327615362,-0.4487642136013143,-0.41274569292718527,0.5591540911854884,-0.40505793054931244,-0.2054169749613343,0.31203959050408925,-0.3592243707609027,0.0982119921186381,0.6180964895651402,-0.17185338454713703,0.5841165312012105,0.6851607238976288,-0.342910138020917,-0.40198608785249884,-0.09400512577188269,-0.11029628871290519,-0.2643189411268217,0.15886882154132226,-0.27224881026020803,-0.2892874434987184,-0.6718947994272408,-0.36272776123357064,-0.14947552135617412,0.09307746657735734,-0.27152436798138513,0.11396749051795156,-0.11048391301263419,0.3861237763056445,0.18575935392302292,0.03857878540864482,0.41156019485596734,-0.1280740519759022,-0.11935505570176637,0.7222429232163233,0.1511376486963166,-0.4548684386264792
ADP,0.08609104142940714,-0.19157634409967572,0.025354957340073474,0.06513590788554259,-0.32182480255954693,-0.050500887155994614,-0.11147549039675964,0.12308675197338227,-0.6556979725186968,-0.3093835978203153,1.0,0.6422842059233336,-0.11391065012273399,0.3711122340492808,-0.09774088845164834,-0.1530044215442856,-0.41008831893042297,0.3950903245191348,0.26960460576901746,0.16412229835674502,-0.06596469861194675,0.14034786865981913,-0.5561617126709774,0.5110329548903789,-0.6603283076881521,-0.39878403897934883,0.4578425179251982,0.46483210929583135,-0.17266933782297114,0.11160402494343183,-0.6067389768542466,-0.10035018164284651,0.44537397589909483,0.08299114102777215,-0.030705729589938172,0.22283488544248053,0.021278243380911013,0.19100987936316985,0.9035620471757795,-0.14263144424284596,-0.10050871839242317,0.44974251863679765,-0.008361543243339495,-0.7087735950958111,-0.1312559684162909,0.02210230003652201,-0.30888283916035136,-0.28568733836545207,0.3607024553034306,-0.051870395670072025
PROPN,-0.1771728853640871,0.014101150141657463,0.40659067725319054,0.37265058381492006,-0.6380516072088267,-0.2172586404271673,0.01120194127176425,0.5183526151705892,-0.5485691733614715,-0.5463617950774191,0.6422842059233336,1.0,-0.5814787592915047,0.24805255413804228,0.4533486576808822,0.007743565469381764,-0.7192039788188194,0.4879567440717754,0.5670548526046028,0.2425753574915917,0.19466582186298656,-0.05250533309119458,-0.40272236273563944,0.18530783798478984,-0.530327862640929,-0.6849598862109776,0.5029298142290729,0.49295566671395136,-0.18324181530009945,-0.2610488568953147,0.09467890005503449,0.2778953999450494,0.3496844461563968,0.19803916851792652,0.4047405401367195,0.2512230540510436,0.35408650169317596,0.1939243435822966,0.5989978100629154,-0.23416676721532384,0.54133570667088,0.15071272770398392,-0.3055554460936856,-0.31209357669905463,-0.5967681842528687,0.5202259129232805,-0.6320994745332339,-0.5810722482890927,0.1931179902590263,0.19078260837125738
PRON,0.17369426294279502,-0.2818982652821803,-0.11371476765112173,-0.2604901106687854,0.6657345253275907,-0.059221084073822164,-0.5173953818121881,-0.6836783480600344,0.23028745959215363,0.4942554543295611,-0.11391065012273399,-0.5814787592915047,1.0,-0.04913000981801926,-0.6638165441742401,-0.042438863772802635,0.3958152338658645,-0.3342900694642722,-0.5183331387737284,0.2022901167782645,-0.13162948915594488,-0.07287147416469421,-0.07637034243757906,0.03283188689637032,0.30012499191116077,0.5386153615330124,0.2294280977080768,-0.5999764743407054,-0.38270407566942793,0.201928792652137,-0.3690978239604961,0.11393455489701193,-0.29056921979002237,-0.36807624901381253,-0.43421734134315326,-0.3559859210600644,-0.47707768762127717,-0.4245230399651542,-0.05570755309645939,0.4492631286577972,-0.4435347960806266,0.14492203726557681,0.45260550762284674,0.16712798603301815,0.6226387911009321,-0.29922529929985786,0.49365666584434464,0.45257395613546547,0.04538351653794613,-0.3031712854895792
NUM,-0.014615120768716487,0.07401111193227633,0.21382846422503102,-0.11491526732450683,-0.2165892355321782,-0.563079990461268,-0.6543216155357882,0.42059617427152657,-0.47332935500648504,-0.19041738327615362,0.3711122340492808,0.24805255413804228,-0.04913000981801926,1.0,-0.19488301477357903,-0.384687714750511,-0.07026166181537069,0.5101459831261235,-0.2378201006831265,0.409910548443938,-0.0583243227024548,0.35506853023289425,-0.09174909276617314,-0.38045232866283274,-0.1578243986602792,-0.15283259848678207,0.22389079120490077,0.6236680984594126,-0.7001929280270466,0.41003582960079005,-0.2926189023132402,0.024207308584137822,-0.17051985137212836,0.20947939428476747,-0.19664958486574943,0.8807371311286761,-0.25503281157448876,0.15311375632593663,0.25290489936767063,0.21252828178042804,-0.1427853775232614,0.5124066919717271,0.19893184430062175,-0.449656838236142,0.04527612179100117,-0.4273307316274201,-0.06929458436555737,-0.21283530088031322,0.4254074656963989,-0.024836985210479112
ADJ,0.2432712344974597,-0.06229058883876054,0.5809361298559036,0.3582309988231245,-0.5691804860227936,0.1128770463187029,0.5560919100579422,0.35052710176711804,-0.0984417768514512,-0.4487642136013143,-0.09774088845164834,0.4533486576808822,-0.6638165441742401,-0.19488301477357903,1.0,0.5406839692771758,-0.31459480617602537,0.21637480974125853,0.6762235541809115,-0.32618108946741026,-0.24029021351192123,0.02702136403800607,-0.0784332075261024,-0.12421873486359457,-0.4054646766775912,-0.38522270981980294,-0.2152783236725115,0.06532178951725223,0.41249100594759,-0.18832854664991786,0.5735983671599931,-0.02651016390768996,0.42586083344491976,-0.02646766963234737,0.8026316859763519,-0.06222550565902926,0.7366699091481593,0.10538722899391169,-0.15020166692064774,0.007351226016538791,0.6210070238503386,-0.5638182883006692,-0.10092478947651598,0.31019035256470895,-0.42437367316971597,0.35651690210123876,-0.5202860972260763,-0.5582231282464497,-0.16701876666218451,-0.09096907967678816
advmod:emph,0.2841000786741283,-0.014526173439273165,0.5693254724240414,-0.22686370022816194,-0.032650319707440645,0.2684107715290117,0.49276092104596547,-0.07560726721565578,-0.07280229342202209,-0.41274569292718527,-0.1530044215442856,0.007743565469381764,-0.042438863772802635,-0.384687714750511,0.5406839692771758,1.0,-0.1658227161191743,-0.17215969544890702,0.3957970298948684,-0.5625154292412483,-0.08506382174715182,0.17414765354039055,-0.4967779196398826,0.23542917878838387,-0.42150283913916997,-0.004025339443501514,-0.07074856300494578,-0.3600156375211264,0.47165217523294745,-0.032238696583762744,0.3457535787147516,-0.2376114949330379,0.08970888300061522,-0.5759843020128467,0.7037303096609901,-0.37359105636058587,0.2482426252021392,-0.312594601843369,-0.09186599774499991,0.24391213609752352,0.18078177017839103,-0.6672996202926444,0.4326431731254797,0.3558178236153335,-0.1713211622149647,0.33529835210934916,0.14952301625001274,-0.4964361643968555,-0.22087113326439115,-0.023842649548851718
obl:arg,0.1130111863339694,-0.4048362190712975,-0.3696012541975549,-0.20772346250226714,0.22865348897894458,0.08163374324052818,0.009802616866854465,-0.4026084254393868,0.7853720057505202,0.5591540911854884,-0.41008831893042297,-0.7192039788188194,0.3958152338658645,-0.07026166181537069,-0.31459480617602537,-0.1658227161191743,1.0,-0.15355001346648472,-0.424048697167954,0.008441835561411341,-0.3045682184717133,0.45180890710522886,0.5823907718612147,-0.25209655585109564,0.30305136235668206,0.4194552535247796,-0.48340733673950564,-0.5076235710142915,0.14792523023837625,0.1346904235418158,-0.023156181537547074,-0.3340353095239746,-0.18070296641015354,0.13009705743870467,-0.5518756905053649,-0.23504251194490497,-0.44495322335879056,-0.03516962001790445,-0.19946707819775633,0.4485992960461136,-0.5482062528254984,0.12900908228956798,0.45367964986912784,0.19906585243389466,0.4924279782071198,-0.3452087903732388,0.14531522076406608,0.23759607732011373,0.254401772184411,-0.41133777331007665
aux,-0.3064401859691567,-0.0021979865820295616,0.16683276844494419,-0.19303818640239703,-0.8121200362059655,-0.3101336480875715,-0.06003040623637028,0.6968500449726539,-0.3484851251230241,-0.40505793054931244,0.3950903245191348,0.4879567440717754,-0.3342900694642722,0.5101459831261235,0.21637480974125853,-0.17215969544890702,-0.15355001346648472,1.0,-0.06322820885995359,0.5417740991207778,0.18566306975163163,0.0721559388518884,0.06441857412228194,-0.43182906960852857,-0.11510354287691539,-0.8204593072847204,0.47522211227064304,0.5630350384205113,-0.2557032859666751,-0.3536899685576623,0.012672279261958066,-0.24779622477260943,0.2282164627333964,0.42986277201629186,0.3217433915451331,0.47290588515181065,0.2641957639470679,-0.1486159556734814,0.30422047521276047,-0.2468194718848789,0.014442564500552195,0.40466534247269476,-0.26325849452662353,-0.36418331319255165,-0.5638411805848249,-0.23841166039708295,-0.20377411801720463,-0.5959898834938527,0.36585360091327057,0.16095196157852534
flat,0.21343784390590007,0.009360101204231103,0.22591639281118117,0.36241399791202505,-0.29566373891011527,0.30046716753721237,0.3740037455589293,-0.0553603362426068,-0.18022420520168095,-0.2054169749613343,0.26960460576901746,0.5670548526046028,-0.5183331387737284,-0.2378201006831265,0.6762235541809115,0.3957970298948684,-0.424048697167954,-0.06322820885995359,1.0,-0.3406573232864765,-0.15471467562924623,0.00632703956341304,-0.35761864633910523,0.2478261017036856,-0.6161839899234578,-0.08982186140095094,-0.09258725954612324,0.0877546477484852,0.3143583900239572,-0.08335766960946765,0.01789829224895145,-0.08355212976019985,0.19154547489323148,-0.26302464882666304,0.41227446367758397,-0.15631753555806052,0.6367668513398174,0.5678853616250144,0.2801508827691015,0.06204516148786402,0.4060539519036053,-0.3573894725852705,0.026774964369522664,-0.1980305936420791,-0.20734129347500566,0.5732636434577795,-0.6432448877490724,-0.22953739785946875,0.24900906708368123,0.03891370630908915
nsubj,-0.3207133664395695,-0.22779148365120702,0.007956532983296268,0.13392211339828017,-0.3544287469408296,-0.23087188521267887,-0.5493903284826684,0.15058426650479845,0.047077914665026054,0.31203959050408925,0.16412229835674502,0.2425753574915917,0.2022901167782645,0.409910548443938,-0.32618108946741026,-0.5625154292412483,0.008441835561411341,0.5417740991207778,-0.3406573232864765,1.0,0.21165982587947554,-0.02682985888051034,0.37250399144186336,-0.46309461416978076,0.46160479966487844,-0.28990204103066164,0.5669193312230646,0.17730577561442074,-0.6857693956214934,-0.5014925011554893,-0.05559459216272015,0.37840289202094823,-0.18255081824520508,0.1732054749188159,-0.2707638866364298,0.1882623328951846,-0.11773474810409745,-0.2573363101843466,0.16002367967630574,-0.15050465039451474,0.15218746061189936,0.7834409824245571,-0.18406845515849285,-0.187928585949392,-0.31167270658543444,-0.02829892367433711,-0.23882244235085956,-0.026199650793254012,0.35702563778801216,-0.03387431425211154
root,-0.946285527212708,0.7074664522660066,-0.26436189002048693,-0.4921712485925022,-0.00934418407917723,-0.3520140193417538,-0.12216382006910036,0.45890628051032945,-0.06708073558068187,-0.3592243707609027,-0.06596469861194675,0.19466582186298656,-0.13162948915594488,-0.0583243227024548,-0.24029021351192123,-0.08506382174715182,-0.3045682184717133,0.18566306975163163,-0.15471467562924623,0.21165982587947554,1.0,-0.4176501880158963,-0.12313972204080578,-0.06785183421178302,0.23996158257464054,-0.40748174743059806,0.5683793242865337,0.1974559555111186,-0.17150648631349288,-0.3966825434145956,0.1734207439571139,-0.006446599700673247,-0.4922492379151971,0.3066177216038414,0.047319721281787026,0.1463104531918185,-0.20590339099104615,-0.0864751502577969,0.08053118190351738,-0.36464774417294404,-0.11314504875336355,0.03638412851101557,-0.4402234647602414,-0.1454050121335235,-0.43810547006025585,0.28608593534170307,0.37263264065877244,-0.12793823491427334,0.09236480437646762,0.9124781198706665
advcl,0.37301919956640045,-0.49868111498126744,0.24764799016038538,-0.014929810764964278,-0.24904209604083863,0.17978129284029754,0.10296215418382146,-0.0646557753225151,0.18004678518867487,0.0982119921186381,0.14034786865981913,-0.05250533309119458,-0.07287147416469421,0.35506853023289425,0.02702136403800607,0.17414765354039055,0.45180890710522886,0.0721559388518884,0.00632703956341304,-0.02682985888051034,-0.4176501880158963,1.0,0.09675508673763412,0.05163122593288717,-0.29868989217545683,0.1532240952602855,-0.38067779129137064,-0.014715987599257156,0.11786155602478936,0.1927669088446226,-0.018891136148609242,-0.2329332765010291,0.022818560486345917,-0.18918604340682801,-0.20643608662784288,0.14055808328223499,-0.37549993157202877,0.02861819583645995,0.2702580363755148,0.36964205290746377,-0.11342999515116621,0.3158204671523813,0.7209494127734508,-0.12900330580995506,0.009188554688915976,0.013489663184620476,-0.2517909683448055,-0.39918251272144567,0.34378151721963435,-0.4844316744374433
mark,-0.08363207827920421,-0.21667164386669707,-0.3483648029501547,0.24268831656492335,-0.1708355827097839,0.201663698184005,0.09372696376575078,-0.019025001701629442,0.6881744037063512,0.6180964895651402,-0.5561617126709774,-0.40272236273563944,-0.07637034243757906,-0.09174909276617314,-0.0784332075261024,-0.4967779196398826,0.5823907718612147,0.06441857412228194,-0.35761864633910523,0.37250399144186336,-0.12313972204080578,0.09675508673763412,1.0,-0.5644890177869468,0.7409296608163087,0.12458025503428256,-0.4495359400803678,-0.09084727583158025,0.08267167293868379,-0.3683339397595142,0.29619452558206516,0.07054653697054589,-0.11242442248728966,0.30015976716085585,-0.3584325640502829,-0.054780398775080785,-0.004219953146045956,-0.0065496812159717525,-0.5197950914855244,-0.1976338065726166,0.0726272186484932,0.3060196721800798,-0.23901147056602318,0.23943307599497116,-0.06379823597089551,-0.19434863714431763,-0.17682277309803435,0.31152766688617384,-0.030769466843553746,-0.21577599442107356
det,0.21074908784052862,-0.1776732066995609,-0.0808132121451521,0.11930747330002585,0.2430140203599922,0.31457907717799166,0.33805345093237443,-0.3058454774340771,-0.22767589911882355,-0.17185338454713703,0.5110329548903789,0.18530783798478984,0.03283188689637032,-0.38045232866283274,-0.12421873486359457,0.23542917878838387,-0.25209655585109564,-0.43182906960852857,0.2478261017036856,-0.46309461416978076,-0.06785183421178302,0.05163122593288717,-0.5644890177869468,1.0,-0.5234998737367496,0.06976718566824261,0.010407738292558201,-0.15412069181516425,0.4127233111698524,0.17387106018642987,-0.2873740451236465,0.01773780501035573,0.43045444023359797,-0.17615135794299866,-0.05486555153617326,-0.4095569056385316,-0.19336836041483035,0.0309776810677805,0.5542407996589722,-0.13367890943268237,-0.055632655456001386,-0.10065787642728684,0.07787293558335044,-0.14035940650905168,0.09574518897108199,0.35542527369874394,0.005843061220388552,-0.01253481199414402,-0.24012744825978832,-0.09093371432598497
csubj,-0.29070152013840184,0.1091147251142385,-0.3306747032250262,-0.011030278430388346,0.2064893514719718,0.08450816202383735,-0.20325824419419597,-0.10233741585099347,0.4953251353443414,0.5841165312012105,-0.6603283076881521,-0.530327862640929,0.30012499191116077,-0.1578243986602792,-0.4054646766775912,-0.42150283913916997,0.30305136235668206,-0.11510354287691539,-0.6161839899234578,0.46160479966487844,0.23996158257464054,-0.29868989217545683,0.7409296608163087,-0.5234998737367496,1.0,0.23879617454952454,-0.06253622217347454,-0.17394204122657828,-0.19358954449382265,-0.4047282943111665,0.23293453307805256,0.28482190173705074,-0.43278911610585485,0.04840998265951705,-0.32133849445109014,-0.10053400169282757,-0.15279639552853888,-0.33046077315600225,-0.6697671819072327,-0.29478157890811,0.041555835297021004,0.2494717539688266,-0.32301659190371856,0.32222804009793654,-0.03794110359086324,-0.20074661662865456,0.30383168710474334,0.5137885280662678,-0.2541657898319745,0.09422411798016099
xcomp,0.4663304130342976,-0.11642013256974973,-0.21480246436550154,0.07517463882667963,0.7857989587803135,0.3048388434102242,-0.22760328379135447,-0.8083069121304527,0.3780339973556403,0.6851607238976288,-0.39878403897934883,-0.6849598862109776,0.5386153615330124,-0.15283259848678207,-0.38522270981980294,-0.004025339443501514,0.4194552535247796,-0.8204593072847204,-0.08982186140095094,-0.28990204103066164,-0.40748174743059806,0.1532240952602855,0.12458025503428256,0.06976718566824261,0.23879617454952454,1.0,-0.5313045450172632,-0.4635260217603637,-0.014726762628404161,0.47293967265073905,-0.2792914915152834,0.08113581579685211,-0.425267421296838,-0.5428656682563314,-0.533953507009046,-0.23710161048787784,-0.29853815883207496,0.2110489561783285,-0.36530552662175253,0.44631353311150224,-0.23009957449681875,-0.11354683328280502,0.5174042271710133,0.15354547753533862,0.7434013767499792,-0.13721409481242,0.20497352774902355,0.718317502731389,-0.03387004153439128,-0.3529709640134042
obl,-0.5066586916133401,0.1615303270021171,0.1644675886742761,-0.2363026290546171,-0.16269644849399673,-0.4556768401707918,-0.46104205866640946,0.2673236301986654,-0.42823638411171566,-0.342910138020917,0.4578425179251982,0.5029298142290729,0.2294280977080768,0.22389079120490077,-0.2152783236725115,-0.07074856300494578,-0.48340733673950564,0.47522211227064304,-0.09258725954612324,0.5669193312230646,0.5683793242865337,-0.38067779129137064,-0.4495359400803678,0.010407738292558201,-0.06253622217347454,-0.5313045450172632,1.0,0.1479849292325468,-0.5840109604803048,-0.3282248881858209,-0.13648380716385478,0.22708301331825348,-0.09679054935788318,0.08920967038380684,0.16245634215414892,0.08913099377342702,-0.06042357502923154,-0.34169477260515285,0.4706802922102127,-0.1077518494558495,0.023193396530887568,0.29187264193792223,-0.2089579539843976,-0.236878047384795,-0.32558263321405556,0.17137050982073065,0.10670617366204573,-0.28721341058623084,0.2363644558315148,0.39994683669273556
nmod,-0.20475933393296852,0.446169246627716,-0.06297180060054412,-0.05081492426561388,-0.4830126212372785,-0.16401541359238195,-0.09936720847149008,0.6846314318699758,-0.7007930848695855,-0.40198608785249884,0.46483210929583135,0.49295566671395136,-0.5999764743407054,0.6236680984594126,0.06532178951725223,-0.3600156375211264,-0.5076235710142915,0.5630350384205113,0.0877546477484852,0.17730577561442074,0.1974559555111186,-0.014715987599257156,-0.09084727583158025,-0.15412069181516425,-0.17394204122657828,-0.4635260217603637,0.1479849292325468,1.0,-0.20491239390954247,0.06396215483393985,-0.26692962694922756,-0.16087064676806762,0.07479478364123258,0.3093645774652211,0.11717186143920705,0.8311415434473611,0.23964416094803767,0.36001732843997114,0.21610771285127578,-0.5176791146930372,0.06050135202800443,0.36456970195609517,-0.4314084702932958,-0.6711883267999945,-0.4182655490412422,-0.2713791979413967,-0.1390465910456513,-0.18449887131720483,0.1612409563008515,0.38952746453567505
cc,0.20861681416624572,-0.07326525532555458,-0.1701053048855314,-0.010306082835397445,-0.12397719598949596,0.6570267261581911,0.9638367354932112,-0.09116914286850772,0.2557560511014121,-0.09400512577188269,-0.17266933782297114,-0.18324181530009945,-0.38270407566942793,-0.7001929280270466,0.41249100594759,0.47165217523294745,0.14792523023837625,-0.2557032859666751,0.3143583900239572,-0.6857693956214934,-0.17150648631349288,0.11786155602478936,0.08267167293868379,0.4127233111698524,-0.19358954449382265,-0.014726762628404161,-0.5840109604803048,-0.20491239390954247,1.0,-0.162433379172027,0.2217649006500752,-0.46867249816326495,0.4196652499778142,-0.07477207325088281,0.31095805154846934,-0.49151603721552956,0.298977209580198,0.045269921768878375,-0.13096970031797328,-0.29109749048242217,0.003911584548141959,-0.47413263590974686,-0.07431322259615769,0.17561058516611602,-0.16535936307741295,0.1687001776733938,-0.0063236880749661445,-0.11173395456669662,-0.352959747526477,-0.05490585870024175
nsubj:pass,0.402061052286356,0.09265614081101758,0.014143963836031464,-0.10408792545159266,0.5471829868479776,-0.3410689639807138,-0.33827884145219783,-0.17510054412673556,-0.26761824154475966,-0.11029628871290519,0.11160402494343183,-0.2610488568953147,0.201928792652137,0.41003582960079005,-0.18832854664991786,-0.032238696583762744,0.1346904235418158,-0.3536899685576623,-0.08335766960946765,-0.5014925011554893,-0.3966825434145956,0.1927669088446226,-0.3683339397595142,0.17387106018642987,-0.4047282943111665,0.47293967265073905,-0.3282248881858209,0.06396215483393985,-0.162433379172027,1.0,-0.3876513755269672,-0.11707000989247808,-0.0315856545208044,-0.005506464161195972,-0.2726224100934325,0.3844695087956181,-0.3268497393095437,0.3515585706355409,0.039226037951471164,0.5437502949785571,-0.4110841287602794,-0.2272161708809153,0.4321366508108093,-0.09266676645894009,0.7645448267922951,-0.4453072473771222,0.24370844078411424,0.23646236658324074,0.009534861038367879,-0.21153805148670177
discourse,-0.19077194972385988,0.006797865628455492,0.491294671587142,0.23250853025010157,-0.279567052483502,-0.14364112618551628,0.33700458480786705,0.3917707132736879,0.3669762126404312,-0.2643189411268217,-0.6067389768542466,0.09467890005503449,-0.3690978239604961,-0.2926189023132402,0.5735983671599931,0.3457535787147516,-0.023156181537547074,0.012672279261958066,0.01789829224895145,-0.05559459216272015,0.1734207439571139,-0.018891136148609242,0.29619452558206516,-0.2873740451236465,0.23293453307805256,-0.2792914915152834,-0.13648380716385478,-0.26692962694922756,0.2217649006500752,-0.3876513755269672,1.0,0.3597235436376948,0.040595282704039976,0.16590482042284269,0.49280689833645,-0.17635005303054554,0.12405091292022298,-0.3622052860084905,-0.4780135262768585,-0.01836671132417456,0.6048943016391801,-0.4379229881142065,-0.16605669725856367,0.784286626971621,-0.4460711368552697,0.4561332005460434,-0.1336907010157813,-0.4408758830206992,-0.45196447227576225,0.05317476057225307
csubj:pass,0.03929368550931415,-0.20824013500163926,0.39830416474445446,0.6881273580627963,0.13338488915078434,-0.24294439168459264,-0.4006276454321317,-0.05399359101805683,0.013596158975152548,0.15886882154132226,-0.10035018164284651,0.2778953999450494,0.11393455489701193,0.024207308584137822,-0.02651016390768996,-0.2376114949330379,-0.3340353095239746,-0.24779622477260943,-0.08355212976019985,0.37840289202094823,-0.006446599700673247,-0.2329332765010291,0.07054653697054589,0.01773780501035573,0.28482190173705074,0.08113581579685211,0.22708301331825348,-0.16087064676806762,-0.46867249816326495,-0.11707000989247808,0.3597235436376948,1.0,0.018743975697293018,-0.028757085450865864,-0.07513702074380783,-0.08896415175376805,-0.12089839889264153,-0.22194174399599784,-0.11825396648559909,0.005111923176387655,0.6846260503865854,0.1167098376349952,-0.18520784299604334,0.4502701253350653,-0.05460473753324702,0.4234905150570198,-0.2984179273076104,0.12320477917509122,-0.37894617993891244,-0.20897913258491288
acl,0.44957157245366286,-0.5149202501462,0.23377380141748763,0.45111579223146214,-0.42528615403787745,0.20566705535828844,0.504386230276709,0.1259658392096987,-0.2615635543023406,-0.27224881026020803,0.44537397589909483,0.3496844461563968,-0.29056921979002237,-0.17051985137212836,0.42586083344491976,0.08970888300061522,-0.18070296641015354,0.2282164627333964,0.19154547489323148,-0.18255081824520508,-0.4922492379151971,0.022818560486345917,-0.11242442248728966,0.43045444023359797,-0.43278911610585485,-0.425267421296838,-0.09679054935788318,0.07479478364123258,0.4196652499778142,-0.0315856545208044,0.040595282704039976,0.018743975697293018,1.0,0.21459636058096207,0.36269985585006237,-0.2130793974699569,0.3690272178788398,-0.15300540681751684,0.28672441917083247,-0.2593909739854942,0.2793257728792786,-0.07429176249413812,-0.23520754025699667,0.08875754828010718,-0.1640942240074329,-0.027679282798419858,-0.37291186622223044,-0.31599521680381965,-0.37871720830046085,-0.47733535916023917
expl:pass,-0.5461527482251702,0.17242370043901717,-0.3336890257647348,-0.0028480308455093263,-0.26927460755560634,-0.5726203568463811,-0.03755538562065263,0.5911338176619805,0.07178784482771006,-0.2892874434987184,0.08299114102777215,0.19803916851792652,-0.36807624901381253,0.20947939428476747,-0.02646766963234737,-0.5759843020128467,0.13009705743870467,0.42986277201629186,-0.26302464882666304,0.1732054749188159,0.3066177216038414,-0.18918604340682801,0.30015976716085585,-0.17615135794299866,0.04840998265951705,-0.5428656682563314,0.08920967038380684,0.3093645774652211,-0.07477207325088281,-0.005506464161195972,0.16590482042284269,-0.028757085450865864,0.21459636058096207,1.0,-0.16584508846769985,0.3410780542846959,-0.14044106978145796,0.17798493707149712,0.14430586411567092,-0.19623961011835614,-0.16967308380242305,0.13735818299098457,-0.5472617443124397,-0.05350817566091243,-0.09114862992579206,-0.17174266256886547,-0.08392290806852357,-0.1265706095503364,0.05941196804507081,0.2663276069437778
amod,0.08190040195386894,0.16190188868907512,0.6414083771324622,-0.011517842092972339,-0.4773340508704318,0.04740392839721389,0.4748204994295072,0.45498335424626946,-0.3943257968847681,-0.6718947994272408,-0.030705729589938172,0.4047405401367195,-0.43421734134315326,-0.19664958486574943,0.8026316859763519,0.7037303096609901,-0.5518756905053649,0.3217433915451331,0.41227446367758397,-0.2707638866364298,0.047319721281787026,-0.20643608662784288,-0.3584325640502829,-0.05486555153617326,-0.32133849445109014,-0.533953507009046,0.16245634215414892,0.11717186143920705,0.31095805154846934,-0.2726224100934325,0.49280689833645,-0.07513702074380783,0.36269985585006237,-0.16584508846769985,1.0,-0.04821491138772006,0.6703724114262072,-0.30453686573720085,-0.15957538466715931,-0.1841294922248755,0.5048113372194074,-0.5735219026613377,-0.183708139305722,0.28647775198862385,-0.5563629981896308,0.21742936738463528,-0.060657002080055734,-0.6261805298544219,-0.35613162407327503,0.16179095234769142
nummod,-0.19645412020418787,0.45562965194999866,0.06531784362620395,-0.1872656876168401,-0.23293169802111185,-0.5276711714988709,-0.44549747726467465,0.6464168164653532,-0.5481868197798184,-0.36272776123357064,0.22283488544248053,0.2512230540510436,-0.3559859210600644,0.8807371311286761,-0.06222550565902926,-0.37359105636058587,-0.23504251194490497,0.47290588515181065,-0.15631753555806052,0.1882623328951846,0.1463104531918185,0.14055808328223499,-0.054780398775080785,-0.4095569056385316,-0.10053400169282757,-0.23710161048787784,0.08913099377342702,0.8311415434473611,-0.49151603721552956,0.3844695087956181,-0.17635005303054554,-0.08896415175376805,-0.2130793974699569,0.3410780542846959,-0.04821491138772006,1.0,-0.0800484952997502,0.3144869762785397,0.05421032088412201,-0.062238211029436816,-0.10266351310493974,0.2971686982770166,-0.10856402087523982,-0.46722673673267406,-0.09555218893318722,-0.42965403405853736,0.03387127936885048,-0.15936430347048544,0.2524076470227182,0.30183552080412296
conj,0.22896278028219133,0.0757497096729344,0.19667965125827913,0.3131032499616792,-0.474950564650085,0.3470027422902016,0.4301934676094071,0.1537202666331416,-0.25581353505099835,-0.14947552135617412,0.021278243380911013,0.35408650169317596,-0.47707768762127717,-0.25503281157448876,0.7366699091481593,0.2482426252021392,-0.44495322335879056,0.2641957639470679,0.6367668513398174,-0.11773474810409745,-0.20590339099104615,-0.37549993157202877,-0.004219953146045956,-0.19336836041483035,-0.15279639552853888,-0.29853815883207496,-0.06042357502923154,0.23964416094803767,0.298977209580198,-0.3268497393095437,0.12405091292022298,-0.12089839889264153,0.3690272178788398,-0.14044106978145796,0.6703724114262072,-0.0800484952997502,1.0,0.20109446227324693,-0.20418676964812066,-0.3175968637543482,0.48134862802047196,-0.3471163756829625,-0.4036937938587465,-0.027967618356878773,-0.3672427717867829,0.07439649770921775,-0.4164719508439847,-0.10251731976549627,-0.10120925610081208,0.025602374987872052
appos,-0.005429205614956862,0.27665529864859106,-0.4046584156905503,0.18938259659678236,0.04555352366925245,0.01621458435984361,-0.03278069758090458,-0.04973176579320973,-0.04992552303304604,0.09307746657735734,0.19100987936316985,0.1939243435822966,-0.4245230399651542,0.15311375632593663,0.10538722899391169,-0.312594601843369,-0.03516962001790445,-0.1486159556734814,0.5678853616250144,-0.2573363101843466,-0.0864751502577969,0.02861819583645995,-0.0065496812159717525,0.0309776810677805,-0.33046077315600225,0.2110489561783285,-0.34169477260515285,0.36001732843997114,0.045269921768878375,0.3515585706355409,-0.3622052860084905,-0.22194174399599784,-0.15300540681751684,0.17798493707149712,-0.30453686573720085,0.3144869762785397,0.20109446227324693,1.0,0.1986906898502031,0.09616219529390378,-0.13147074033924364,-0.026040340937408903,-0.06371840765663928,-0.521578977753916,0.2528551987537515,0.05913528574770036,-0.4228276492993158,0.2960067567163769,0.4818483652965928,0.17352055109339654
case,-0.09465482386494661,-0.2427175643133986,-0.03157311139754268,-0.020242300317494945,-0.26103278274137237,-0.11903239450235512,-0.0957353499811948,0.047534105501629474,-0.3621741923189126,-0.27152436798138513,0.9035620471757795,0.5989978100629154,-0.05570755309645939,0.25290489936767063,-0.15020166692064774,-0.09186599774499991,-0.19946707819775633,0.30422047521276047,0.2801508827691015,0.16002367967630574,0.08053118190351738,0.2702580363755148,-0.5197950914855244,0.5542407996589722,-0.6697671819072327,-0.36530552662175253,0.4706802922102127,0.21610771285127578,-0.13096970031797328,0.039226037951471164,-0.4780135262768585,-0.11825396648559909,0.28672441917083247,0.14430586411567092,-0.15957538466715931,0.05421032088412201,-0.20418676964812066,0.1986906898502031,1.0,0.04806555167390511,-0.19705715302264057,0.42271906209498095,0.14832637772496637,-0.6134539484412502,-0.10120906609290775,0.25197899095833864,-0.3230205281754013,-0.36726608443526515,0.5218059510783358,-0.0007158002043000987
