,len,PUNCT,AUX,ADV,PART,CCONJ,NOUN,SCONJ,VERB,ADP,PROPN,PRON,NUM,ADJ,advmod:emph,obl:arg,aux,flat,conj:expl,nsubj,root,advcl,mark,det,advcl:pred,csubj,xcomp,obl,nmod,advcl:cmpr,cc,nsubj:pass,discourse,csubj:pass,acl,expl:pass,amod,nummod,conj,appos,case,xcomp:pred,aux:pass,advmod:neg,cop,obj,ccomp,fixed,acl:relcl,advmod,orphan,punct
len,1.0,-0.9138137935673082,-0.01423483671124032,0.2706936172722972,0.13074595689574312,0.20965763619249686,0.18156068652994578,0.06713724506997654,-0.0781269108005181,-0.16589005465137324,0.16138569383901252,-0.06217095189876105,-0.10110745994749307,-0.1362872147952386,0.05424874865021252,-0.05809059900500419,-0.23404286665232246,0.554432179887068,0.036006594869588064,0.051077119627720054,-0.9858027940654374,-0.0971270340591352,-0.11604272669518807,0.35611111118657873,-0.11548674814031783,-0.08574184079617811,0.033434825822247,0.07646938571575235,0.0024018103011624664,-0.0352329612081293,0.28958872837972177,-0.35418507311770014,0.21840187044413883,-0.07277421737763148,0.08463405047868974,0.037493523800917826,0.14038312491797406,-0.006959391964753116,0.5149048300301798,-0.1638915419684505,-0.09678190213249398,-0.11799174038811826,-0.04679747665064272,0.14843227586496227,-0.08028094680567283,0.13816630912927458,-0.07095268312930003,0.7575944683922079,0.40843296712529736,0.231829035671138,0.07626069347339107,-0.9285443875905293
PUNCT,-0.9138137935673082,1.0,0.058110319440135526,-0.3716478057951615,-0.08726737215385004,-0.2869652102871552,-0.17281938503518107,0.010358597314966677,0.12693654775654428,0.06559390856465294,-0.10343139780898329,0.12518427640374669,0.16722231400908388,-0.08900533493323161,0.023661974569667954,0.06391603755554986,0.2590699286108983,-0.421267846701475,-0.16636988228212818,-0.05451880486786481,0.938789005391098,0.10927357151454611,0.18050047529358743,-0.3202323063316963,0.07969368749985317,0.17360075142763806,0.05854523391998955,-0.04874860547654473,0.048593379936399325,-0.043756754403348475,-0.35068067045532436,0.4779343365390535,-0.10822639848053738,0.14774980495326254,-0.0726665826267382,-0.06920509555880004,-0.3637636368187949,0.08401676153087975,-0.6186179893009405,0.17312885617287602,-0.010805755709305474,0.15282290486708788,-0.0048018788893929186,-0.2060270425251906,0.1465388800422928,-0.14905122959374725,0.14852039541298936,-0.5789259176605557,-0.36040891176612805,-0.3319787775923577,-0.09099995984527705,0.9853796498655306
AUX,-0.01423483671124032,0.058110319440135526,1.0,0.008478213171283278,0.1100120716134771,-0.12617416165755593,0.24093182685133616,-0.2561199979800422,0.2819995152585833,-0.37032725171546876,-0.035525231378394216,-0.29267826689618814,0.06355465876634109,-0.29489914338626205,0.3016565325676765,0.4179917776170166,-0.11767805875652489,0.08554839543930728,0.17515678866639844,-0.3060331102192102,0.018973929273048126,-0.407874793281915,-0.18545824141858963,-0.31740901544686145,0.14300828543585503,0.4125641203001777,-0.18416361623361924,-0.30244855477007065,0.21376559518482355,-0.1990144798426271,-0.16854642895328634,0.43077842082514717,0.2934310811502669,0.2655355906581109,-0.24236578721732852,-0.008782577255473569,-0.19308384072849274,0.07910326011619925,-0.03220419921811523,0.40989394784736166,-0.3492374447291402,0.3107141013825337,0.6365661356013202,-0.12156417837969152,0.45419695380298547,0.2849976583141487,0.4125211760070728,0.04715194253079574,0.18645181839223116,-0.023660924225858398,-0.13543859606645908,0.03812839858946239
ADV,0.2706936172722972,-0.3716478057951615,0.008478213171283278,1.0,0.34667539389156216,0.1922020622649665,-0.4716592095565995,-0.06972960863037281,0.16024249749817115,-0.44864132796335804,-0.4104297951190941,0.12905550624351692,-0.5482036380967578,0.3216103523457307,0.3033300031049375,0.23326963383321112,-0.060010126737928854,-0.07864008428179349,0.029582983644951696,-0.09935088046994266,-0.3204630848515961,0.015332004192886889,-0.1293866837248654,-0.33220040698109543,-0.2686384542949076,-0.3147809699930494,0.11360901606402345,-0.1930107424489361,-0.5170585054646629,0.35086467051188186,0.17911458540375266,-0.4253377285645537,-0.08948245092647591,-0.01972352747781538,0.1068393400384771,-0.2273784976241045,0.10790011212561601,-0.5342093991603798,0.5465396366574573,-0.39945153028252955,-0.37611476388640763,-0.23630979667579802,0.04793486147754694,0.5496502436948961,-0.08372618787383207,0.309885966387914,0.23471396418146392,-0.047663393980416635,0.13313549505285469,0.8520507553113301,0.31809301329150863,-0.32539742477552147
PART,0.13074595689574312,-0.08726737215385004,0.1100120716134771,0.34667539389156216,1.0,0.44498341353290927,-0.37512430270552816,0.035453017102332396,0.14344601637768303,-0.35556012684673893,-0.4070637788193972,0.12028880603467457,-0.021817880815053592,-0.3608412278061747,0.13397403020586707,-0.09242916652398885,0.00459746991499973,-0.010736188756881105,0.03471874693765977,0.11913071811884285,-0.1556310619153909,-0.22434348977908614,0.0645577995399954,-0.2835975170183991,-0.35724662366453547,0.09213078241097226,0.38679238882402533,-0.14976547446847133,-0.37964227681494916,-0.03426105078807901,0.43882100964920895,-0.5122410813588443,-0.1570513185964118,-0.21795071752403317,0.09262547031598348,-0.2042375679313315,-0.286253992009547,0.2148440090565256,0.29099027782346837,-0.383853723201065,-0.3339272016624359,-0.18253419743378188,-0.007089150369897282,0.5622436499255902,0.2415695842999722,-0.2041768360493134,0.35285060828309134,-0.09661647607881568,0.0068382443508928185,0.6312830595122724,0.04127815252670194,-0.14159209869596007
CCONJ,0.20965763619249686,-0.2869652102871552,-0.12617416165755593,0.1922020622649665,0.44498341353290927,1.0,-0.21809441043671765,0.08605067693818544,-0.17916070700459272,-0.05065664104439114,-0.028883245414238912,-0.41481508013523055,0.19192076173507175,0.18971159579347396,0.15526759703916576,-0.18911744065154487,-0.31534275000809125,-0.046106195926313064,-0.04125464714206773,-0.21288831483104056,-0.20317828098411123,-0.07095551062584007,0.10324426824863639,0.0896033640641305,-0.3180010241303628,-0.21114482715565766,-0.10310092693738737,-0.3366635431111571,-0.2737820348567321,-0.19299835832205456,0.9511669389372109,-0.3254790595363582,-0.1448873351249219,-0.2505434364692421,0.05583252078483679,0.010621700846599287,0.270243287982239,0.19164404832315943,0.7204839702050341,-0.4365416713982675,-0.04967367569961456,-0.4369123315574902,0.18774239724230307,0.42902720723651855,-0.14358699388196194,-0.08185380580636868,-0.048135827718838835,0.30140283724537703,-0.3610481982582043,0.23572229573622852,0.4122346480814777,-0.22621789952101276
NOUN,0.18156068652994578,-0.17281938503518107,0.24093182685133616,-0.4716592095565995,-0.37512430270552816,-0.21809441043671765,1.0,-0.075203228034838,-0.5624381903575983,0.2986054498373936,0.5361123763205432,-0.4441344477968501,0.1289723604023173,-0.11511725269772892,-0.27619253446155634,0.22774679221151883,0.06790918598983958,0.5797543596261522,-0.13555583624233933,-0.14071208219657771,-0.17138231280901253,-0.11553968785155513,-0.08963581305598499,0.49142459926321186,0.09679945982008024,0.4240176715691897,-0.25264359991616253,0.2566360771199487,0.5817818794378583,-0.14284930843083407,-0.17809571512205818,0.3595491156233831,0.34708310799604214,-0.2393829712766,-0.19474209716908503,-0.022100536226504697,0.2746523770373205,0.16380166602902463,-0.21500409236025153,0.6078450031545881,0.28473457473778785,0.26516066327743215,0.019709226600956888,-0.4928475631785834,-0.01134722935255126,-0.25799076017052025,-0.5392641190069168,0.275522954113157,0.016178664339675564,-0.439080868069948,-0.06682134184098283,-0.20204794212319996
SCONJ,0.06713724506997654,0.010358597314966677,-0.2561199979800422,-0.06972960863037281,0.035453017102332396,0.08605067693818544,-0.075203228034838,1.0,-0.060896076073899415,0.06133791664084844,0.10225629659128534,-0.2742002290022011,0.04990598659032531,-0.3834145533009528,0.4543082470837081,0.03474221032701554,-0.5349884739303581,0.07331148597789444,-0.17389870749788644,-0.3281844197346376,-0.096194288993397,0.6498570653149658,0.9575096937791387,0.1982859571786351,-0.5804881275324024,-0.13745517159621348,0.20048146103568631,-0.08946432241605405,-0.09245787391639598,-0.41807389645205256,0.0760372012369747,-0.2853229678408401,-0.2624224565233049,-0.02916449004922543,0.115428819966736,0.22027690511814874,-0.3787113648019879,0.1158877874780962,0.024968839498815322,-0.22615526964609853,-0.018654922168923744,0.041850436730042455,-0.3713651222269668,0.024323292118623305,0.3967788396580511,-0.20797013561783725,-0.16957178869981124,0.15313245847072673,-0.6117928789041456,-0.19567954713649927,0.1251442293307581,0.027158550139580125
VERB,-0.0781269108005181,0.12693654775654428,0.2819995152585833,0.16024249749817115,0.14344601637768303,-0.17916070700459272,-0.5624381903575983,-0.060896076073899415,1.0,-0.7103965748192049,-0.2472369277079993,0.33232867803423655,-0.20248035602076433,-0.3094407794693601,0.15004846426793603,-0.014267571698685247,-0.1892994870381096,-0.45789711753853257,0.25492684779297253,0.2745846465914338,0.05315248643609614,0.01815912489732266,0.02397938996930318,-0.47337266494937286,0.08037656452697746,-0.3264374824876146,0.43974307263361545,-0.42771112575910153,-0.23497929832887543,0.043364261910917745,-0.2181864678627889,-0.0639369534123012,0.10040232727037993,0.4869596815683534,-0.020541527093594455,0.009697769817405328,-0.2954166358119579,-0.10534009044975304,0.055642921460390855,-0.3307726487085518,-0.7092111530225265,0.4541090967616723,0.37212572362470203,0.17993765731885947,0.09455721522729511,0.356706005391413,0.648000564043898,-0.04476992356187122,0.37798316225935197,0.11845597299872801,-0.2163525233414196,0.11193236529023064
ADP,-0.16589005465137324,0.06559390856465294,-0.37032725171546876,-0.44864132796335804,-0.35556012684673893,-0.05065664104439114,0.2986054498373936,0.06133791664084844,-0.7103965748192049,1.0,0.11247564277012809,-0.1610739378236296,0.23317067911286776,0.36673785304417617,-0.16062022558914207,-0.2457871238759332,0.30114027567276647,0.030923336718710396,-0.05033576950183128,-0.14810266639660155,0.19013790670589947,-0.07870229175565306,-0.002629864534858636,0.40818286808672954,0.20547890153390413,0.22367903265793934,-0.5094427393521213,0.5683920180683699,0.3397278595461065,0.01904662360932626,-0.01483446522449591,0.15293632077552746,-0.25504583656118884,-0.22862629628573838,0.16699753803545087,0.3393818466974438,0.15294093436363243,0.09187148456802008,-0.2862931078888377,0.4113447879562672,0.9719595711240324,-0.38885039072453653,-0.42290553601584585,-0.24536401525066148,0.02361744519435837,-0.3693007981456328,-0.5425990888127493,-0.17316428986584753,-0.31161526670241385,-0.43231016345407836,-0.07515552714574064,0.06760626798318876
PROPN,0.16138569383901252,-0.10343139780898329,-0.035525231378394216,-0.4104297951190941,-0.4070637788193972,-0.028883245414238912,0.5361123763205432,0.10225629659128534,-0.2472369277079993,0.11247564277012809,1.0,-0.3263691398531996,0.1453414287983262,-0.036655643243798754,-0.4118748002825708,-0.05575541698679848,-0.3167808671813694,0.1989590220257426,-0.028912997539084457,-0.11606193317915783,-0.1898379728795931,0.2332013597748339,0.033111716731166446,0.29055194162472675,0.05231216523900254,0.07493906338086433,-0.2784694911210732,0.01201237578748162,0.26655288385216197,-0.18247894200245393,0.11929095365022671,0.10428931407720313,0.22595124170934222,0.14261400974987692,0.23523607569194355,0.08531436176743107,0.4216200675913111,0.1830539662492747,0.06873092017499739,0.17118545518103892,0.0702360243862168,0.30807665958409725,0.18062220628017728,-0.49552674064009417,-0.17406857409758447,-0.02353522480220145,-0.5158583255728445,0.2856600371030234,-0.17341960472000575,-0.3738289251916801,-0.05633609436211156,-0.0993102514539655
PRON,-0.06217095189876105,0.12518427640374669,-0.29267826689618814,0.12905550624351692,0.12028880603467457,-0.41481508013523055,-0.4441344477968501,-0.2742002290022011,0.33232867803423655,-0.1610739378236296,-0.3263691398531996,1.0,-0.07398839508931046,-0.15848903705487644,-0.2515395952033253,-0.30634311847478013,0.28018057326125,-0.048303733517203684,-0.020334789160482883,0.6696392714625651,0.079964154505046,0.05802678761410476,-0.3049149529926986,-0.4671816152030723,0.1308377956019116,0.05263270028920774,0.334339379839003,0.08536919481586158,-0.04423774395712586,0.19220576251037705,-0.3596618992402152,-0.15960069702615987,-0.10961535575657959,-0.04655180279425368,-0.14188066255703943,-0.4379571012033389,-0.32997211936119775,-0.08635371931234745,-0.3128598690247004,-0.09586509368081432,-0.1331464867449721,0.0770825700769262,-0.3356651764074122,0.03723580705160367,-0.05890092572761212,0.25261248621503585,0.35508822594261713,-0.287703925253937,0.5183613953194076,0.27524354414652324,-0.26943783048777903,0.10110333189761049
NUM,-0.10110745994749307,0.16722231400908388,0.06355465876634109,-0.5482036380967578,-0.021817880815053592,0.19192076173507175,0.1289723604023173,0.04990598659032531,-0.20248035602076433,0.23317067911286776,0.1453414287983262,-0.07398839508931046,1.0,-0.21841338689192963,-0.09409158538883305,-0.3065389783732409,-0.17287242876668016,0.2571783119386466,0.17146164976267167,-0.1666707601552714,0.1605232250254416,-0.06011493125455515,0.006035182670691613,0.14621538671489245,0.21142774873692774,0.34444986886760837,-0.07598354271250285,0.0183404913077892,-0.04501617967221148,-0.4613987280471413,0.18557099028935733,0.16066869304964787,-0.20985162215015846,-0.015410063256357917,-0.15855870314152185,0.16376068002845237,-0.04990628479452574,0.88474362904448,-0.31152878127721095,-0.009229030563058899,0.26856806160055696,-0.30402330231877134,0.09008051417214707,-0.3784695206670164,0.11106071491338616,0.16433542475353083,0.13613296969057467,0.01622613859637457,-0.22618680867088417,-0.36702898504776704,-0.004167908913749775,0.17987899231259893
ADJ,-0.1362872147952386,-0.08900533493323161,-0.29489914338626205,0.3216103523457307,-0.3608412278061747,0.18971159579347396,-0.11511725269772892,-0.3834145533009528,-0.3094407794693601,0.36673785304417617,-0.036655643243798754,-0.15848903705487644,-0.21841338689192963,1.0,-0.18300533699076854,0.04050539609100775,0.21269408844438104,-0.361593800991005,0.09430551776218975,-0.21888309086078545,0.11795845268526099,-0.10022477091823383,-0.3998163393366012,0.055781032326732365,0.26109434524891295,-0.23635033800549837,-0.46945953203125956,0.13374776176471817,-0.17218689091080694,0.43932361807940973,0.1704483601797077,0.02381249892206312,-0.16503200469448362,0.005931033939590384,0.23506358493382978,0.14349760501623182,0.7133704828620461,-0.38596871947680234,0.2678047877491435,-0.017837041924041088,0.41851409884094853,-0.36448929805871083,0.07573512017750825,0.040590895398049505,-0.5643626540505332,0.13613889706283744,-0.32555900616821365,-0.20055775278350557,-0.13882272967765133,0.1835337058695978,0.29558515563943355,-0.03223019059553912
advmod:emph,0.05424874865021252,0.023661974569667954,0.3016565325676765,0.3033300031049375,0.13397403020586707,0.15526759703916576,-0.27619253446155634,0.4543082470837081,0.15004846426793603,-0.16062022558914207,-0.4118748002825708,-0.2515395952033253,-0.09409158538883305,-0.18300533699076854,1.0,0.36247489651765036,-0.2464078063789273,0.010764969319849632,-0.14019079368329065,-0.5104285897729108,-0.00337995234268197,-0.027002276289208073,0.4384918206351053,-0.17988722417447678,-0.26793948946307095,-0.11071881656139045,-0.045849106421270054,-0.3603565445637516,0.07110980143996998,-0.20538761912478687,0.10414092449400544,0.20527889410949743,-0.21830560872964938,0.14987562320188022,0.01800019946923221,0.23141044001829486,-0.5198591781937769,-0.13933237785441446,0.1983112735720739,-0.08632101087610884,-0.19781132217818595,-0.10642050180832215,0.0995170181652667,0.36799462310007075,0.49307592688435087,-0.01976403660150321,0.35108110596076586,0.13412496480538544,-0.22740938611910763,-0.05989887062108316,0.1151247792191716,0.08106220555520227
obl:arg,-0.05809059900500419,0.06391603755554986,0.4179917776170166,0.23326963383321112,-0.09242916652398885,-0.18911744065154487,0.22774679221151883,0.03474221032701554,-0.014267571698685247,-0.2457871238759332,-0.05575541698679848,-0.30634311847478013,-0.3065389783732409,0.04050539609100775,0.36247489651765036,1.0,-0.22250089611237392,-0.06097475664309242,-0.1664932609961908,-0.1482715090793956,0.052593097072116214,0.04196970347355184,0.09747123782090579,-0.12085300656508083,-0.016593144471690507,-0.1226355960127581,-0.24207606050259575,-0.4618777556605765,0.0416212902417532,-0.017891708665926338,-0.2174602500155891,0.21591478692897215,-0.08968737126512535,0.09433789254375632,0.004867076323024524,0.08231380043716216,0.0493434420438685,-0.23401036494804714,-0.09532221670600383,0.07768895760756374,-0.29958265137056506,0.23593799437293794,0.2735597463724585,-0.07178905905426741,0.0822236961368685,-0.022088071566994133,0.1550932720481875,-0.13540078058761237,0.00860113650554599,0.06346593440343277,-0.18529423679338705,0.04993683881970328
aux,-0.23404286665232246,0.2590699286108983,-0.11767805875652489,-0.060010126737928854,0.00459746991499973,-0.31534275000809125,0.06790918598983958,-0.5349884739303581,-0.1892994870381096,0.30114027567276647,-0.3167808671813694,0.28018057326125,-0.17287242876668016,0.21269408844438104,-0.2464078063789273,-0.22250089611237392,1.0,-0.03783693784414502,-0.055555555555555504,0.23801761743746816,0.2952719682750802,-0.5013860820845,-0.5277147793786561,0.10840031821537491,0.21080646467976896,0.19943081816685176,0.18920270676485978,0.5643254197954541,0.15519508351227326,0.6359535745199576,-0.37092021534571473,0.26545490909279507,0.29727311293677455,0.023978664979133174,-0.11118724723887911,-0.1743061476859322,-0.08520997806690554,-0.20454812755450824,-0.34330984465715053,0.32771456813530203,0.3783340725941149,-0.23733731659974522,-0.26361199303935257,0.026137059125919935,-0.13821247269505577,-0.2602929796283044,-0.1241680351981027,-0.1633908003214765,0.29046338563407037,0.015404684384743237,-0.1208830691656203,0.21542801314727283
flat,0.554432179887068,-0.421267846701475,0.08554839543930728,-0.07864008428179349,-0.010736188756881105,-0.046106195926313064,0.5797543596261522,0.07331148597789444,-0.45789711753853257,0.030923336718710396,0.1989590220257426,-0.048303733517203684,0.2571783119386466,-0.361593800991005,0.010764969319849632,-0.06097475664309242,-0.03783693784414502,1.0,-0.07093931204848902,-0.10490217171400441,-0.5110225586267056,-0.049298169895804156,-0.053307303762572616,0.4143300618456941,-0.000576472256701707,0.3800952250301525,-0.0272766827533608,0.345612404157091,0.26954173889950317,-0.3051605646028853,0.022507745148120317,0.07471184936470866,0.2876212861203209,-0.3824911602872397,-0.2547273141414878,-0.13194701563414316,-0.11756599805741832,0.2284740065284835,0.012680744429260085,0.2421912393778968,0.07319818925365265,-0.11486537843260047,-0.15239699397609213,-0.07622713014067971,0.0429678531007658,-0.10355655381412314,-0.17979065189185015,0.4672512964308311,0.16541294038965687,-0.08467177051547291,0.26022574494952516,-0.4232582073688684
conj:expl,0.036006594869588064,-0.16636988228212818,0.17515678866639844,0.029582983644951696,0.03471874693765977,-0.04125464714206773,-0.13555583624233933,-0.17389870749788644,0.25492684779297253,-0.05033576950183128,-0.028912997539084457,-0.020334789160482883,0.17146164976267167,0.09430551776218975,-0.14019079368329065,-0.1664932609961908,-0.055555555555555504,-0.07093931204848902,1.0,-0.01106252075978593,-0.08346580905947155,-0.21304628912351134,-0.23141638848592305,0.09695535838835483,0.4793090053147656,-0.07632875305404699,-0.024554338916043958,0.09709553249500211,-0.2591765069289378,-0.10132329564115498,-0.06984288077179727,-0.2423308658694,0.21005243363661966,0.5429616339027568,-0.005929355754701203,0.4787496107975982,0.12893994125668432,0.19272841004677252,0.09965329470844272,-0.12971065667457035,0.05646835071516014,-0.14926386435546926,0.555071343382377,0.1399831196903606,-0.2515819618730187,0.06970690881550017,0.2544142812571921,-0.16339080032147643,0.056372257403279016,0.09062863281318105,-0.12088306916562029,-0.15816840279047617
nsubj,0.051077119627720054,-0.05451880486786481,-0.3060331102192102,-0.09935088046994266,0.11913071811884285,-0.21288831483104056,-0.14071208219657771,-0.3281844197346376,0.2745846465914338,-0.14810266639660155,-0.11606193317915783,0.6696392714625651,-0.1666707601552714,-0.21888309086078545,-0.5104285897729108,-0.1482715090793956,0.23801761743746816,-0.10490217171400441,-0.01106252075978593,1.0,-0.04755612092847407,0.03411070270606767,-0.29823332572032346,-0.08368282207249,0.09205991540762658,-0.23950493085071664,0.344346685728708,-0.040525457439647104,-0.026139599284334614,0.22312197338651119,-0.21655430370571555,-0.31255963976902656,0.1458526678027571,-0.07562752597645063,-0.24328209786611527,-0.33180940230982303,-0.08969100524606634,-0.06679092233690263,-0.2008007827958558,-0.1512144658044882,-0.15540530540140912,0.13516337965750488,-0.22584725257244365,-0.0001777313032317204,-0.1962947602448187,-0.04384155238219466,0.17322585209423597,-0.08216849028706452,0.5949602398256195,0.14265582904233984,-0.489603490526958,-0.10034401909149565
root,-0.9858027940654374,0.938789005391098,0.018973929273048126,-0.3204630848515961,-0.1556310619153909,-0.20317828098411123,-0.17138231280901253,-0.096194288993397,0.05315248643609614,0.19013790670589947,-0.1898379728795931,0.079964154505046,0.1605232250254416,0.11795845268526099,-0.00337995234268197,0.052593097072116214,0.2952719682750802,-0.5110225586267056,-0.08346580905947155,-0.04755612092847407,1.0,0.039205048909807395,0.08091596450397487,-0.3278474559213875,0.13866215940359203,0.1076447348247171,-0.038395361949420635,-0.07724991639079615,0.05565210793942834,0.02957428287514839,-0.2921590716423822,0.44855168431487796,-0.1900421287681873,0.09063476574961835,-0.1300255676539076,-0.04493543176373358,-0.19895551617268342,0.03705380353615007,-0.5529103832102311,0.18869841286679012,0.12419413773373762,0.06544801431595568,0.03654920883716913,-0.16355070305680985,0.08209754368563144,-0.13717569529806375,0.10217174446723265,-0.6904451908423735,-0.37735048657972203,-0.30316556193905614,-0.09450596928292937,0.9562220494511281
advcl,-0.0971270340591352,0.10927357151454611,-0.407874793281915,0.015332004192886889,-0.22434348977908614,-0.07095551062584007,-0.11553968785155513,0.6498570653149658,0.01815912489732266,-0.07870229175565306,0.2332013597748339,0.05802678761410476,-0.06011493125455515,-0.10022477091823383,-0.027002276289208073,0.04196970347355184,-0.5013860820845,-0.049298169895804156,-0.21304628912351134,0.03411070270606767,0.039205048909807395,1.0,0.6451226380835506,-0.06428486777952853,-0.5243777634219347,-0.1304176343524255,0.19503752062338023,-0.1495975008834355,-0.20036608034943074,-0.11790558744082523,-0.11566607597438747,-0.3743161701030525,-0.16673438123841972,-0.1045930489833432,-0.14717099818456952,-0.15897063834823902,-0.05097222295014038,-0.0172619254344003,0.007906498986603444,-0.11778338428508722,-0.11160681333932322,0.2116658658451408,-0.40815928805263196,-0.33655529925905014,0.08705023175423171,0.08990317844561556,-0.3347721402571861,-0.011401357700643997,-0.4846524325067286,-0.02801162628802519,0.2972393341766411,0.134515765974496
mark,-0.11604272669518807,0.18050047529358743,-0.18545824141858963,-0.1293866837248654,0.0645577995399954,0.10324426824863639,-0.08963581305598499,0.9575096937791387,0.02397938996930318,-0.002629864534858636,0.033111716731166446,-0.3049149529926986,0.006035182670691613,-0.3998163393366012,0.4384918206351053,0.09747123782090579,-0.5277147793786561,-0.053307303762572616,-0.23141638848592305,-0.29823332572032346,0.08091596450397487,0.6451226380835506,1.0,0.12064951344179102,-0.5833475368096518,-0.13976057409945783,0.2147650349040508,-0.1768495445884814,-0.0703496548714317,-0.46282792565409064,0.05820480106760977,-0.19921164137453176,-0.24583325435514838,-0.08110802731723366,0.04910383544831297,0.16330447000275422,-0.40668658533000396,0.07252205707435168,-0.030511064801218242,-0.20139773259546634,-0.11455837420803806,0.15658675789856596,-0.3107261622725736,0.04953976587710361,0.39198569733421884,-0.2560011632007982,-0.11670658578192872,0.05763853916383728,-0.6463207754086668,-0.23479884312934865,0.12965455548951496,0.18945450140961628
det,0.35611111118657873,-0.3202323063316963,-0.31740901544686145,-0.33220040698109543,-0.2835975170183991,0.0896033640641305,0.49142459926321186,0.1982859571786351,-0.47337266494937286,0.40818286808672954,0.29055194162472675,-0.4671816152030723,0.14621538671489245,0.055781032326732365,-0.17988722417447678,-0.12085300656508083,0.10840031821537491,0.4143300618456941,0.09695535838835483,-0.08368282207249,-0.3278474559213875,-0.06428486777952853,0.12064951344179102,1.0,0.15734454940582707,-0.23884459082462312,-0.08067475408304081,0.5069374588612902,0.004595134967178608,-0.1207091813492144,0.08250406111710756,-0.005379590525043275,0.32150619988525153,-0.04370585891037079,0.101990877609835,0.45604354590124857,0.2107007010713958,0.08176753812931851,-0.03019463135469396,-0.06598409272848245,0.4079942151274153,-0.3572180185942822,-0.15603144554201684,-0.0068503595078805565,-0.34163598133023715,-0.40740687751713983,-0.40393692205271825,0.4632235130139139,-0.07255310731489403,-0.38308939803021647,0.062407849880026074,-0.3338024278117132
advcl:pred,-0.11548674814031783,0.07969368749985317,0.14300828543585503,-0.2686384542949076,-0.35724662366453547,-0.3180010241303628,0.09679945982008024,-0.5804881275324024,0.08037656452697746,0.20547890153390413,0.05231216523900254,0.1308377956019116,0.21142774873692774,0.26109434524891295,-0.26793948946307095,-0.016593144471690507,0.21080646467976896,-0.000576472256701707,0.4793090053147656,0.09205991540762658,0.13866215940359203,-0.5243777634219347,-0.5833475368096518,0.15734454940582707,1.0,-0.07469437952442412,-0.4622962472128282,0.2768543476012264,0.10224140356045304,-0.05694843696312519,-0.2154816150506878,0.41958542124997866,0.030000487538245614,0.23178325840169695,0.258209567274726,0.501817302763833,0.22922411098615636,0.06054376315110882,-0.3087227568610266,0.09189557090263153,0.2052144112690092,-0.0693929072586989,0.43515249436726067,-0.01992268247599389,-0.4161071813068154,0.007859528468107294,0.27447672952467467,-0.2643796527555489,0.44360505563672836,-0.28821294947716813,-0.2553314826760942,0.06194977595725916
csubj,-0.08574184079617811,0.17360075142763806,0.4125641203001777,-0.3147809699930494,0.09213078241097226,-0.21114482715565766,0.4240176715691897,-0.13745517159621348,-0.3264374824876146,0.22367903265793934,0.07493906338086433,0.05263270028920774,0.34444986886760837,-0.23635033800549837,-0.11071881656139045,-0.1226355960127581,0.19943081816685176,0.3800952250301525,-0.07632875305404699,-0.23950493085071664,0.1076447348247171,-0.1304176343524255,-0.13976057409945783,-0.23884459082462312,-0.07469437952442412,1.0,-0.09650135039026175,0.26610615050778647,0.4655438713880629,-0.13392895765750723,-0.21134372389521164,0.29003975554396266,0.09924199995687258,-0.22056021495807693,-0.33686394108521106,-0.3490015818226533,-0.1903566010040789,0.3722457831189144,-0.298444673855005,0.7432725606727107,0.28232200507977806,0.1665324262984346,-0.10262133901678659,-0.4748576870852162,0.40993465450674677,0.06814970929241332,-0.19899852769511367,-0.04468018429682447,-0.11523724225216624,-0.10867833535361723,0.09505012917132674,0.12156759376881437
xcomp,0.033434825822247,0.05854523391998955,-0.18416361623361924,0.11360901606402345,0.38679238882402533,-0.10310092693738737,-0.25264359991616253,0.20048146103568631,0.43974307263361545,-0.5094427393521213,-0.2784694911210732,0.334339379839003,-0.07598354271250285,-0.46945953203125956,-0.045849106421270054,-0.24207606050259575,0.18920270676485978,-0.0272766827533608,-0.024554338916043958,0.344346685728708,-0.038395361949420635,0.19503752062338023,0.2147650349040508,-0.08067475408304081,-0.4622962472128282,-0.09650135039026175,1.0,-0.05162526867041648,-0.2953765164425443,0.2577651213957757,-0.20469304210547348,-0.3802073784692518,0.17780317975558824,0.09748606669840437,-0.27048439148903924,-0.3683467617062109,-0.34013860189582423,0.14570271703635204,-0.0687884366507965,-0.3429304200172458,-0.4386245518720014,0.19069032144949974,-0.26889708148538943,0.10284754548574594,0.07284761283624223,-0.004573893814645677,0.1585126216060776,0.10839556361132686,0.11905450729793488,0.25375609785469444,-0.028499353077561376,0.022856476251965616
obl,0.07646938571575235,-0.04874860547654473,-0.30244855477007065,-0.1930107424489361,-0.14976547446847133,-0.3366635431111571,0.2566360771199487,-0.08946432241605405,-0.42771112575910153,0.5683920180683699,0.01201237578748162,0.08536919481586158,0.0183404913077892,0.13374776176471817,-0.3603565445637516,-0.4618777556605765,0.5643254197954541,0.345612404157091,0.09709553249500211,-0.040525457439647104,-0.07724991639079615,-0.1495975008834355,-0.1768495445884814,0.5069374588612902,0.2768543476012264,0.26610615050778647,-0.05162526867041648,1.0,0.05151622254789186,0.23857617871046802,-0.285427178717336,0.018468639327911957,0.17019847545920788,-0.2103716467326276,0.17126636163301548,0.1982444077565991,0.010447338527379061,-0.044764856290443106,-0.2844043056068491,0.3173857497405868,0.6225970997563081,-0.30307223847869535,-0.47618409698991454,-0.07215305740445738,-0.10293940427234004,-0.3180708852895513,-0.41533449526577615,-0.029421400527027877,0.06671207466471187,-0.11104295350085046,0.19637556993127026,-0.10861508065464363
nmod,0.0024018103011624664,0.048593379936399325,0.21376559518482355,-0.5170585054646629,-0.37964227681494916,-0.2737820348567321,0.5817818794378583,-0.09245787391639598,-0.23497929832887543,0.3397278595461065,0.26655288385216197,-0.04423774395712586,-0.04501617967221148,-0.17218689091080694,0.07110980143996998,0.0416212902417532,0.15519508351227326,0.26954173889950317,-0.2591765069289378,-0.026139599284334614,0.05565210793942834,-0.20036608034943074,-0.0703496548714317,0.004595134967178608,0.10224140356045304,0.4655438713880629,-0.2953765164425443,0.05151622254789186,1.0,-0.14828837771610914,-0.21387907922983054,0.5896901830648782,0.18904807658512232,-0.12560245830124991,-0.20764957976794965,-0.10639312359733372,-0.13344408823270434,-0.05203092088427899,-0.18808859905869102,0.7436289645685713,0.27030236827524085,0.4625764380281588,-0.020683966017056372,-0.3115676495050136,0.19755563669123352,-0.25415844088193723,-0.3210437336367827,0.19291465593437554,0.11213104312443577,-0.6219199695642661,-0.2425263625317372,0.046622106951816886
advcl:cmpr,-0.0352329612081293,-0.043756754403348475,-0.1990144798426271,0.35086467051188186,-0.03426105078807901,-0.19299835832205456,-0.14284930843083407,-0.41807389645205256,0.043364261910917745,0.01904662360932626,-0.18247894200245393,0.19220576251037705,-0.4613987280471413,0.43932361807940973,-0.20538761912478687,-0.017891708665926338,0.6359535745199576,-0.3051605646028853,-0.10132329564115498,0.22312197338651119,0.02957428287514839,-0.11790558744082523,-0.46282792565409064,-0.1207091813492144,-0.05694843696312519,-0.13392895765750723,0.2577651213957757,0.23857617871046802,-0.14828837771610914,1.0,-0.23439249958479091,-0.14151128819306907,0.05718681256244391,0.10509607476697362,0.09548746284419683,-0.15814936241285626,0.2919230932947023,-0.33212549673136954,0.10465609738371064,0.08293028685507946,0.13239318293990732,-0.0637732030090849,-0.23709424636626217,-0.06428834537789496,-0.13693000068583705,-0.018830673751929657,-0.2736841278277391,-0.1264522586579024,0.25791112338460553,0.34122490683537854,0.060298147830197435,-0.06333421821150628
cc,0.28958872837972177,-0.35068067045532436,-0.16854642895328634,0.17911458540375266,0.43882100964920895,0.9511669389372109,-0.17809571512205818,0.0760372012369747,-0.2181864678627889,-0.01483446522449591,0.11929095365022671,-0.3596618992402152,0.18557099028935733,0.1704483601797077,0.10414092449400544,-0.2174602500155891,-0.37092021534571473,0.022507745148120317,-0.06984288077179727,-0.21655430370571555,-0.2921590716423822,-0.11566607597438747,0.05820480106760977,0.08250406111710756,-0.2154816150506878,-0.21134372389521164,-0.20469304210547348,-0.285427178717336,-0.21387907922983054,-0.23439249958479091,1.0,-0.3200660402081487,-0.24790080326368394,-0.2996898835059285,0.27696441300216046,0.06521177099714162,0.32676384232160194,0.20403870635157567,0.7254429025242669,-0.4610499835400707,-0.03989070188334848,-0.38064286937610414,0.18232661325241067,0.45015374333557207,-0.1686658918910731,-0.11931462934857136,-0.071096011045436,0.2715465695198312,-0.28504232672517354,0.2325307884440842,0.35392679930229,-0.29727625405255625
nsubj:pass,-0.35418507311770014,0.4779343365390535,0.43077842082514717,-0.4253377285645537,-0.5122410813588443,-0.3254790595363582,0.3595491156233831,-0.2853229678408401,-0.0639369534123012,0.15293632077552746,0.10428931407720313,-0.15960069702615987,0.16066869304964787,0.02381249892206312,0.20527889410949743,0.21591478692897215,0.26545490909279507,0.07471184936470866,-0.2423308658694,-0.31255963976902656,0.44855168431487796,-0.3743161701030525,-0.19921164137453176,-0.005379590525043275,0.41958542124997866,0.29003975554396266,-0.3802073784692518,0.018468639327911957,0.5896901830648782,-0.14151128819306907,-0.3200660402081487,1.0,0.20482893117691195,0.14189639942899768,-0.11703915677490433,0.0523749467286616,-0.15408761535718601,-0.06840370749870293,-0.4378832050080344,0.5351079083722545,0.09080259049780086,0.202553372086289,0.2710975860987173,-0.2855648487202285,0.06570488946877291,0.04043748954335713,0.08895009094730505,0.018433819025818202,0.08033027355526279,-0.6436913031797584,-0.10464502417391805,0.4925352598108751
discourse,0.21840187044413883,-0.10822639848053738,0.2934310811502669,-0.08948245092647591,-0.1570513185964118,-0.1448873351249219,0.34708310799604214,-0.2624224565233049,0.10040232727037993,-0.25504583656118884,0.22595124170934222,-0.10961535575657959,-0.20985162215015846,-0.16503200469448362,-0.21830560872964938,-0.08968737126512535,0.29727311293677455,0.2876212861203209,0.21005243363661966,0.1458526678027571,-0.1900421287681873,-0.16673438123841972,-0.24583325435514838,0.32150619988525153,0.030000487538245614,0.09924199995687258,0.17780317975558824,0.17019847545920788,0.18904807658512232,0.05718681256244391,-0.24790080326368394,0.20482893117691195,1.0,0.3433727534986707,-0.4765701305528312,-0.21047006678460964,-0.08021874762487703,-0.25886412241575085,0.06629544534945644,0.2916920839760779,-0.18563702572238341,0.11829148694845218,0.28226952248915327,-0.07344800413403939,-0.18948847915626704,0.05262587152942809,-0.07258366089292576,0.5242867469436356,0.26038177409593205,-0.11772477151604029,0.004395238303465449,-0.11845992476521779
csubj:pass,-0.07277421737763148,0.14774980495326254,0.2655355906581109,-0.01972352747781538,-0.21795071752403317,-0.2505434364692421,-0.2393829712766,-0.02916449004922543,0.4869596815683534,-0.22862629628573838,0.14261400974987692,-0.04655180279425368,-0.015410063256357917,0.005931033939590384,0.14987562320188022,0.09433789254375632,0.023978664979133174,-0.3824911602872397,0.5429616339027568,-0.07562752597645063,0.09063476574961835,-0.1045930489833432,-0.08110802731723366,-0.04370585891037079,0.23178325840169695,-0.22056021495807693,0.09748606669840437,-0.2103716467326276,-0.12560245830124991,0.10509607476697362,-0.2996898835059285,0.14189639942899768,0.3433727534986707,1.0,0.057184014768921446,0.35755918056401215,-0.10857920124439698,-0.028302912525379986,-0.06344802408229536,-0.1010241606654652,-0.1639249930720559,0.055877014742858715,0.5234945651529503,-0.10907701278042409,-0.05401342907558618,0.27556052257790487,0.3200598384187284,0.07142807468126754,0.04374978021855926,-0.15366554287582884,-0.38502228006192174,0.15961588422636003
acl,0.08463405047868974,-0.0726665826267382,-0.24236578721732852,0.1068393400384771,0.09262547031598348,0.05583252078483679,-0.19474209716908503,0.115428819966736,-0.020541527093594455,0.16699753803545087,0.23523607569194355,-0.14188066255703943,-0.15855870314152185,0.23506358493382978,0.01800019946923221,0.004867076323024524,-0.11118724723887911,-0.2547273141414878,-0.005929355754701203,-0.24328209786611527,-0.1300255676539076,-0.14717099818456952,0.04910383544831297,0.101990877609835,0.258209567274726,-0.33686394108521106,-0.27048439148903924,0.17126636163301548,-0.20764957976794965,0.09548746284419683,0.27696441300216046,-0.11703915677490433,-0.4765701305528312,0.057184014768921446,1.0,0.549425925290867,0.27582197506679396,-0.060492482414608015,0.14274937950164213,-0.36717735970963755,0.0918711311054068,-0.059505948279363285,0.009098267226651836,0.2789899251407169,-0.15441020472548395,-0.2652828394319581,-0.06427679679417897,-0.1962611719232177,-0.046314092251518564,0.07685784971631095,-0.055683403481739974,-0.11070513404286232
expl:pass,0.037493523800917826,-0.06920509555880004,-0.008782577255473569,-0.2273784976241045,-0.2042375679313315,0.010621700846599287,-0.022100536226504697,0.22027690511814874,0.009697769817405328,0.3393818466974438,0.08531436176743107,-0.4379571012033389,0.16376068002845237,0.14349760501623182,0.23141044001829486,0.08231380043716216,-0.1743061476859322,-0.13194701563414316,0.4787496107975982,-0.33180940230982303,-0.04493543176373358,-0.15897063834823902,0.16330447000275422,0.45604354590124857,0.501817302763833,-0.3490015818226533,-0.3683467617062109,0.1982444077565991,-0.10639312359733372,-0.15814936241285626,0.06521177099714162,0.0523749467286616,-0.21047006678460964,0.35755918056401215,0.549425925290867,1.0,0.10038588433662551,0.16205619141065467,0.0022986357338509586,-0.16566597962845464,0.3100497488425647,-0.22084403951912102,0.2665414101392458,0.12603261126065932,-0.07495108535056223,-0.33316960055133366,0.03816621125264788,-0.060858618106802875,-0.15825289354122124,-0.38241240309013147,-0.09378294234092827,-0.07888346724086856
amod,0.14038312491797406,-0.3637636368187949,-0.19308384072849274,0.10790011212561601,-0.286253992009547,0.270243287982239,0.2746523770373205,-0.3787113648019879,-0.2954166358119579,0.15294093436363243,0.4216200675913111,-0.32997211936119775,-0.04990628479452574,0.7133704828620461,-0.5198591781937769,0.0493434420438685,-0.08520997806690554,-0.11756599805741832,0.12893994125668432,-0.08969100524606634,-0.19895551617268342,-0.05097222295014038,-0.40668658533000396,0.2107007010713958,0.22922411098615636,-0.1903566010040789,-0.34013860189582423,0.010447338527379061,-0.13344408823270434,0.2919230932947023,0.32676384232160194,-0.15408761535718601,-0.08021874762487703,-0.10857920124439698,0.27582197506679396,0.10038588433662551,1.0,-0.027394831084305057,0.37003502028120605,-0.08011498074478642,0.19933706055797076,-0.03688376734950633,0.23351804876039736,-0.17310570255867705,-0.62633508543138,0.10079260062066425,-0.47241665331122523,0.0070487478860842,-0.018971310275849418,0.15149131993225945,0.21132930997813862,-0.34022340626471825
