,len,PUNCT,AUX,ADV,PART,CCONJ,NOUN,SCONJ,VERB,ADP,PROPN,PRON,NUM,ADJ,advmod:emph,obl:arg,flat,nsubj,root,advcl,mark,det,csubj,xcomp,obl,nmod,cc,nsubj:pass,discourse,csubj:pass,acl,expl:pass,amod,nummod,conj,appos,case,xcomp:pred,aux:pass,advmod:neg,cop,obj,ccomp,fixed,acl:relcl,advmod,orphan,punct
len,1.0,-0.8978563124298437,0.2791454443189288,0.40650071258958964,-0.5835459126238967,0.27554804444224257,0.4361370675943904,-0.6225432636817534,-0.446753132385355,0.3964015943119738,-0.2618207010315356,-0.1589766872637264,0.24959349395920502,0.6574953580497903,0.2716287542287797,0.006031598878590622,-0.7362217903321183,-0.5141610334992192,-0.9937634522151629,-0.07493220058217195,-0.3718608178848952,0.005519264460658027,-0.7605281963232076,-0.3875492214338037,0.44997258069726337,0.6342135332123819,0.3325426286001272,0.17399977326774324,0.46001724943295813,-0.40432043737798257,0.1263701071349984,-0.16338410884723717,0.6784055191191419,0.039820616472880065,0.3927228996409535,-0.7072473876610844,0.10338048811950233,-0.5565194181726736,0.6839056263515695,-0.8120943082071445,-0.0902111369462102,0.1821107197907275,-0.5627173111317585,-0.3134908749400055,0.34648026182724095,-0.5833808522933196,0.6845976046154643,-0.9009640249107301
PUNCT,-0.8978563124298437,1.0,-0.26324696618631044,-0.6373315826515787,0.6963550185263084,-0.4714524350293953,-0.21326445776286942,0.4335443609431827,0.15441774130418381,-0.036992958633517245,0.09836762497895113,-0.12670889794189902,0.11448167812542828,-0.34201548929813663,-0.6080231729481218,-0.34543179980423827,0.5973908536388154,0.5226101000538015,0.9269306553026896,0.17404661259382068,0.2175556563084089,0.10538816783961544,0.7445205364563013,0.14536338240412075,-0.11594061280063568,-0.2983716840446024,-0.45859013667517884,-0.5483578160283061,-0.5275468823652187,0.39549776481383586,-0.378939944319841,0.33466505984370865,-0.37418718200211637,-0.15085312697952286,-0.6639426281184038,0.5213076293879026,0.23445791247428946,0.48829799438819926,-0.7644630115291448,0.9124202625627241,-0.011772310785035623,0.05897663570812082,0.3117472816886993,0.060497601460682816,-0.35054690957990053,0.7976325988105955,-0.3355835205193563,0.800428416104369
AUX,0.2791454443189288,-0.26324696618631044,1.0,0.31435566426815725,0.17394125591642484,0.2917096561572209,0.035528090720982175,-0.3127288441749835,0.17245338054054643,-0.23272598609459622,-0.8126883981715858,0.4120301094302196,0.5043744981094825,-0.177196065366216,-0.23729835696969936,0.39283927647516587,-0.21285495370241989,-0.47106803453001633,-0.2792637108442579,-0.011479304357170423,-0.31786806994916256,-0.434947909216574,-0.11566792786264035,0.06473909426947975,-0.3990807995220861,0.016436225662787057,0.4307237692121388,-0.2903356339807349,0.9191145828963652,0.5214943015411371,0.507035543590641,0.7499334886058021,0.03479656492999322,0.5962756278315698,-0.0007992714382672636,-0.5840191609580024,-0.3744542768957988,0.04908724089305194,0.7133243780060897,0.13646860438465813,0.5294641545161304,0.4528445085821278,-0.18512663621373768,-0.11937227602167125,0.15482288934288968,0.026591680500984805,0.039477358702038196,-0.46141211637417084
ADV,0.40650071258958964,-0.6373315826515787,0.31435566426815725,1.0,-0.7125777357577446,0.4195599867746064,-0.4109980258816753,-0.19992707695222328,0.40083018908789586,-0.15907349340964577,0.1600559742211372,0.3010856005151275,-0.30819770260508644,-0.23457085622012688,0.3609294003225638,0.6151863627809553,-0.24490219023728235,-0.08469870141350652,-0.40995197369019304,-0.14796121333565312,0.063357968535114,0.23095062223176815,-0.7235710402260863,0.009260427407249557,-0.16226972215088037,-0.20247884464689495,0.32192241772858765,0.566196226466805,0.4487616631086414,-0.4215480305752141,0.3007261340955388,-0.309468684940631,0.025744786037105682,0.10284738494258185,0.29046063581592874,0.1095485116870593,-0.4094886982319585,-0.3822389727654756,0.7048847127783905,-0.577206601145845,-0.28696993055147685,-0.5440326671945303,0.2843669616574341,0.33381065386997066,0.37249330215998017,-0.49961845770627283,0.06092388807523325,-0.3461012662807191
PART,-0.5835459126238967,0.6963550185263084,0.17394125591642484,-0.7125777357577446,1.0,-0.5589953845381711,0.30753401235691535,0.3681759922437048,-0.19569833116696392,-0.07664216994632798,-0.3522815221523164,-0.019954217870291613,0.45541358139011356,-0.1873545442444629,-0.40214290868574404,-0.1067111493270126,0.3196590454081754,0.09819847765507239,0.562931012739611,0.37105042144835915,0.040518207763760895,-0.2318874761218073,0.7033572086171557,0.03663145558704953,-0.38197350470630925,-0.14780289385441617,-0.44409987242224386,-0.6442724187599947,-0.031172251584612082,0.624251710379374,-0.12154470228521896,0.6284793215234912,-0.2477832212064368,0.48423761859923364,-0.4958074644861455,-0.025517896914808855,0.22425377132979493,0.43679642689055753,-0.5377421487294146,0.8445067273371399,0.6088771339400821,0.4309638838062471,-0.19031662508799302,-0.335901393697366,-0.3055140991685089,0.7685886537830056,-0.385527880236297,0.30389194535467157
CCONJ,0.27554804444224257,-0.4714524350293953,0.2917096561572209,0.4195599867746064,-0.5589953845381711,1.0,-0.46334831045886743,-0.24616699939379277,0.6239562727922362,-0.6149301360027838,-0.2211504291286878,0.5898108798950068,-0.43588111557931586,-0.25524841452655994,0.31211682063658436,0.2648239408067781,0.008533946497308906,-0.45316033210794543,-0.2848397532182537,-0.6274411652512862,-0.17512568038117016,-0.6235439611738953,-0.04439099058775289,0.5269906165272706,-0.20141407435571793,-0.16602164583612453,0.9697058668341807,0.505781694648417,0.4319165938916376,0.2793737375797825,0.7364914280107081,0.012515092788758944,-0.2612165609819748,-0.21123748148862417,0.760338485043185,-0.26884211371394817,-0.8385906444360341,0.13697067098500937,0.6905668472686171,-0.3858272690402415,0.10552834101757978,0.12354426501322394,0.33667282766476997,0.5251378102530703,0.06051457319337673,-0.7736198959894582,-0.11179858038780381,-0.08983387767737457
NOUN,0.4361370675943904,-0.21326445776286942,0.035528090720982175,-0.4109980258816753,0.30753401235691535,-0.46334831045886743,1.0,-0.4105830913144477,-0.7882245282228594,0.49137687331593294,-0.3812507406930468,-0.21771985588020762,0.46606864361294364,0.5526487187468934,0.04722274090106946,-0.4110146489387615,-0.21036137175564232,-0.037807136265382055,-0.45594167873131464,0.08311628968704601,-0.5295776340528286,-0.030945925412337403,-0.20751138348710876,-0.25856223099531245,0.2933985587960424,0.7371845026989486,-0.30434244722167686,-0.27278847569216114,-0.0024863092284368744,-0.05554440839358666,-0.08693557092875849,0.033751230016399854,0.3732821534248444,0.23897688259837954,-0.0906125536440136,-0.5298512039179221,0.5380787333403292,0.008539985830414298,-0.0757064431792055,-0.12414256180079498,0.33872236654013693,0.5393357975876443,-0.9682826241676503,-0.9224789143920241,0.3536893339041177,0.19645695200905833,0.3847534112645335,-0.6470772420532616
SCONJ,-0.6225432636817534,0.4335443609431827,-0.3127288441749835,-0.19992707695222328,0.3681759922437048,-0.24616699939379277,-0.4105830913144477,1.0,0.09522998266596452,-0.3205999286848977,0.5473825973418195,-0.19473056594614382,-0.2374003043379948,-0.27148873641650006,0.20620557668050002,0.48435693736675134,0.05138964462146927,-0.09086899107450055,0.5746720789717003,0.6078046457872671,0.9050510351317175,0.05783735534193572,0.5853251343297347,-0.12154378055348311,-0.4709645644239727,-0.8188111938628904,-0.3968909183876891,0.08078344032629545,-0.18200947914764126,0.048727743926181386,-0.28375154881821013,-0.04218602836353045,-0.2597209019798496,0.33603169003104566,-0.020379493871537886,0.45700629292167877,-0.054212903077819244,-0.141466587712991,-0.5857413446667455,0.3240703793187586,0.13470018382661736,-0.5029822445578856,0.6093758779036229,0.5685123149186811,-0.7920249672385365,0.12646614484782653,-0.6951737840166423,0.6950712627166812
VERB,-0.446753132385355,0.15441774130418381,0.17245338054054643,0.40083018908789586,-0.19569833116696392,0.6239562727922362,-0.7882245282228594,0.09522998266596452,1.0,-0.7898787515064039,0.023626455790051445,0.7527202465157181,-0.5997823956737132,-0.8656428158360202,0.06492513874864943,0.35132357157078903,0.6043952981730252,0.19339622535037687,0.4418121364250026,-0.5543406435171128,0.03221984828402329,-0.32721759156546315,0.2193339293076532,0.7649158654280684,-0.558433345517374,-0.6139911206044457,0.5470006611280687,0.40231324218341435,0.1122496979606509,0.380952315584405,0.5894327627744611,0.04755227363896918,-0.7682220944102304,-0.17057361494100765,0.2478608981670674,0.4413487676671269,-0.8286772489187902,0.5034814560866209,0.27030748313751063,0.19821835558550666,0.025526116929638222,-0.21294591850298034,0.7207307902952012,0.6290561837360348,0.09986518973937256,-0.1835538642176765,-0.5524599201827176,0.45840319030743476
ADP,0.3964015943119738,-0.036992958633517245,-0.23272598609459622,-0.15907349340964577,-0.07664216994632798,-0.6149301360027838,0.49137687331593294,-0.3205999286848977,-0.7898787515064039,1.0,0.10508983237439941,-0.831230799608052,0.5893470702360272,0.805228197441178,-0.40648967244429307,-0.5451182081037428,-0.5046893418488339,0.15832885057108104,-0.3318858774228113,0.40585476758793027,-0.10369317910900121,0.7063053429619836,-0.457257504227793,-0.7973046517487374,0.8448791266672634,0.6982886163471979,-0.5612801267186665,-0.4858882750046081,-0.29088539929939966,-0.6006846929059639,-0.7857313902371453,-0.1290525564997635,0.8368856999130393,-0.23238138154446833,-0.5610576775047595,-0.15474439622416336,0.9265602097988352,-0.5395816649863323,-0.20878391520626483,-0.16750685072516158,-0.5468147035748775,0.010106160970185981,-0.5162601506393686,-0.526428435102333,0.10680780350279842,0.3155417544969989,0.8348007968348127,-0.3439735609749858
PROPN,-0.2618207010315356,0.09836762497895113,-0.8126883981715858,0.1600559742211372,-0.3522815221523164,-0.2211504291286878,-0.3812507406930468,0.5473825973418195,0.023626455790051445,0.10508983237439941,1.0,-0.3768707717102582,-0.5866812559205403,-0.008451859652025976,0.3804836449784536,0.13360717068738656,0.018721257087239943,0.3477456874445127,0.2513383190526749,0.25585365609916877,0.6784295983531364,0.6147071901342996,-0.08180877501119886,-0.2069389407189614,0.14742442931433283,-0.39448188775494075,-0.44397646761311194,0.47890803275493954,-0.6415958499866078,-0.698092831548878,-0.5007257725288069,-0.7916688260323184,-0.02444376923806381,-0.32586693698010377,0.03041099061691186,0.7375209456012598,0.1976879830539829,-0.3639289648842734,-0.5066823005587686,-0.2616958881787123,-0.6140562582027586,-0.8801700249971122,0.5173446562915204,0.4577227660804918,-0.26332184460348845,-0.15231846040926844,-0.19190077469346892,0.4771887512206029
PRON,-0.1589766872637264,-0.12670889794189902,0.4120301094302196,0.3010856005151275,-0.019954217870291613,0.5898108798950068,-0.21771985588020762,-0.19473056594614382,0.7527202465157181,-0.831230799608052,-0.3768707717102582,1.0,-0.4742445286774689,-0.78679185693006,0.3033121548912086,0.3326476413188421,0.598986660193664,0.0653163263724583,0.11235793888602892,-0.7067076799621325,-0.40525571890670736,-0.6418623478059865,0.10712802464075055,0.9010782457243356,-0.6995201897619376,-0.29857435785705533,0.6203459790542625,0.4455310464599058,0.3533349413888007,0.554624938917917,0.9321729011589832,0.127564208265797,-0.8007375561244302,0.15426781673157827,0.45054144896295933,0.040137918096788065,-0.855713696765986,0.6938754929670196,0.46055033187101013,0.07982175224993676,0.5136876521011138,0.1914679185329686,0.15166268661575838,0.11295627784670463,0.44185384438831876,-0.2293035611816516,-0.5492735746752873,-0.029073373427436863
NUM,0.24959349395920502,0.11448167812542828,0.5043744981094825,-0.30819770260508644,0.45541358139011356,-0.43588111557931586,0.46606864361294364,-0.2374003043379948,-0.5997823956737132,0.5893470702360272,-0.5866812559205403,-0.4742445286774689,1.0,0.5244504824520174,-0.6774911812098909,-0.2540544189804442,-0.47843538684307874,-0.27955485615240405,-0.20195495560935553,0.4977620748385128,-0.18830128846513733,0.09424753449913373,-0.026176688944978137,-0.6087402271638734,0.3059101005901706,0.4740430117670082,-0.26302220303615426,-0.8822915724956559,0.35295282989691246,0.17934883680088543,-0.37375779113745466,0.6997420969945783,0.6384202386125122,0.33781407855887263,-0.5847587835711088,-0.5840166891132654,0.5582526150311409,-0.25979412815889086,0.0508262613365981,0.3112276913289975,0.15261049746547947,0.5300663817575699,-0.5300430810688579,-0.5087135602339773,-0.12400865921171399,0.5099767962389175,0.5413689632875077,-0.3624383359709465
ADJ,0.6574953580497903,-0.34201548929813663,-0.177196065366216,-0.23457085622012688,-0.1873545442444629,-0.25524841452655994,0.5526487187468934,-0.27148873641650006,-0.8656428158360202,0.805228197441178,-0.008451859652025976,-0.78679185693006,0.5244504824520174,1.0,-0.10457645922214685,-0.425785072391524,-0.7661750579540305,-0.3651690493779727,-0.622870421463215,0.36723228869011965,-0.0592535721313761,0.2847624635020585,-0.34393373117057024,-0.7732625837292861,0.8004875882093501,0.6959725655174055,-0.20290026612423673,-0.3093840349895059,-0.05937247472889968,-0.46325912973236594,-0.5443005332066865,-0.10418314999942736,0.9231320305590209,-0.14890903377805595,-0.059457755341960794,-0.5512158458586384,0.6915104250791596,-0.6489725375823249,-0.024600321605658428,-0.4351357863395577,-0.28795435750081794,0.2060222974733237,-0.5634327576356591,-0.378226214654917,-0.13740185114245124,-0.1351233646104342,0.7876367873478065,-0.4823612156821715
advmod:emph,0.2716287542287797,-0.6080231729481218,-0.23729835696969936,0.3609294003225638,-0.40214290868574404,0.31211682063658436,0.04722274090106946,0.20620557668050002,0.06492513874864943,-0.40648967244429307,0.3804836449784536,0.3033121548912086,-0.6774911812098909,-0.10457645922214685,1.0,0.5199463521370276,-0.08989992848003739,-0.23356557005780482,-0.3623858695448398,-0.13717294766356436,0.18537281052221116,-0.19249972333557913,-0.2346126178920503,0.21241276166954928,-0.33780421945092265,-0.260037945220784,0.18835529487939223,0.8908249108945999,0.079951780961175,-0.29963507657502014,0.4086432462404066,-0.6456442722242174,-0.22784331768718696,0.21218698496345728,0.8082144130878639,0.03624613780593979,-0.40130820603539663,-0.1494548438426761,0.1785673905331846,-0.6636199725242842,0.21043180535846973,-0.3813154490353547,0.04322006259260516,0.18921649288847367,0.0872580390147652,-0.7150043693702814,-0.3993033290327339,-0.21828183852115185
obl:arg,0.006031598878590622,-0.34543179980423827,0.39283927647516587,0.6151863627809553,-0.1067111493270126,0.2648239408067781,-0.4110146489387615,0.48435693736675134,0.35132357157078903,-0.5451182081037428,0.13360717068738656,0.3326476413188421,-0.2540544189804442,-0.425785072391524,0.5199463521370276,1.0,-0.21678876193961433,-0.41775448935954046,-0.07211269575457546,0.2979665775617743,0.5258240074630802,-0.14303199060910082,-0.08677925079107937,0.025794130191022488,-0.7297436016581867,-0.7206554859662668,0.15309193916823247,0.4575807654853843,0.602891610990692,0.013133426202858369,0.3543322842873558,0.011212787987130485,-0.22527424075344796,0.6843946853192883,0.3797690974191428,0.06258949738531977,-0.5492129876175401,-0.29127649904151437,0.36498539371733607,-0.1923742998773072,0.3245762260760375,-0.4773095298893851,0.4398731590567787,0.5137830042507952,-0.2353629223871393,-0.35431271711419865,-0.5597761656558098,-0.02201773393782564
flat,-0.7362217903321183,0.5973908536388154,-0.21285495370241989,-0.24490219023728235,0.3196590454081754,0.008533946497308906,-0.21036137175564232,0.05138964462146927,0.6043952981730252,-0.5046893418488339,0.018721257087239943,0.598986660193664,-0.47843538684307874,-0.7661750579540305,-0.08989992848003739,-0.21678876193961433,1.0,0.7070480405376736,0.7253550386762655,-0.5626205668965376,-0.2502756217461971,-0.2054722109679238,0.4622296943589024,0.820197018324252,-0.3966796571673254,-0.27328457949196505,0.013618886562414584,0.11212297311013517,-0.44595512770802215,0.435486468816475,0.3247057300534476,-0.02172354708241706,-0.8804149530718229,-0.26543500245203816,-0.12987409981180925,0.5932844124519807,-0.32452513084132195,0.9075118158975091,-0.3443449936521701,0.5588345897632796,0.1469118046684855,0.06090790314761516,0.25086281265026106,0.0024180589569520643,0.29421538103479816,0.36941967568516076,-0.5537804777305868,0.5422879186799774
nsubj,-0.5141610334992192,0.5226101000538015,-0.47106803453001633,-0.08469870141350652,0.09819847765507239,-0.45316033210794543,-0.037807136265382055,-0.09086899107450055,0.19339622535037687,0.15832885057108104,0.3477456874445127,0.0653163263724583,-0.27955485615240405,-0.3651690493779727,-0.23356557005780482,-0.41775448935954046,0.7070480405376736,1.0,0.5431585896120504,-0.26953935023330283,-0.18671725667724948,0.5169858582293657,-0.03406715218976334,0.27667766604873273,0.11716729321502703,0.04868033286288543,-0.47730849789610647,-0.005259589127509564,-0.7192308664087569,-0.21291466840086215,-0.25625933048481436,-0.3496012447226751,-0.3872308977789145,-0.4383806782053264,-0.5347697212438705,0.7661497482395506,0.2789782217931316,0.4495020206042406,-0.4831682912675674,0.3388145996917054,-0.41328307797476554,-0.2748893479450266,0.06744289404000138,-0.24119431387624166,0.47230111799690633,0.5525434128344502,-0.062328524193148924,0.35823133753711184
root,-0.9937634522151629,0.9269306553026896,-0.2792637108442579,-0.40995197369019304,0.562931012739611,-0.2848397532182537,-0.45594167873131464,0.5746720789717003,0.4418121364250026,-0.3318858774228113,0.2513383190526749,0.11235793888602892,-0.20195495560935553,-0.622870421463215,-0.3623858695448398,-0.07211269575457546,0.7253550386762655,0.5431585896120504,1.0,0.06890007626878167,0.3490100287919614,0.04279686575634933,0.7404481527046044,0.3536218319228501,-0.37197931917894145,-0.5865244128579451,-0.33589891313502396,-0.2365478203025724,-0.48345417891643994,0.3871808980442443,-0.17928755499378837,0.18635225655712573,-0.6291681625526551,-0.10735331484479119,-0.4590307012531495,0.7102815283940043,-0.057577390868833005,0.5418028393507683,-0.6818854999520343,0.831320831999874,0.014868011802315359,-0.16960195007428275,0.5662352393845593,0.3085802421321758,-0.3370962638006483,0.6191752358276611,-0.6056685640121635,0.9094326525316699
advcl,-0.07493220058217195,0.17404661259382068,-0.011479304357170423,-0.14796121333565312,0.37105042144835915,-0.6274411652512862,0.08311628968704601,0.6078046457872671,-0.5543406435171128,0.40585476758793027,0.25585365609916877,-0.7067076799621325,0.4977620748385128,0.36723228869011965,-0.13717294766356436,0.2979665775617743,-0.5626205668965376,-0.26953935023330283,0.06890007626878167,1.0,0.6969656467961751,0.4265451908840259,0.09749328456941857,-0.8098015876172221,0.014472441051351325,-0.2272354155517579,-0.6713333857501832,-0.40611692769369684,0.07764206843617848,-0.24842129886907371,-0.6793403713871923,0.17158469295650464,0.5019034323917959,0.5240387834896184,-0.41374862069743207,-0.014933596985130013,0.5426122492876704,-0.6473004561583913,-0.38410758177073484,0.1601702026425414,-0.010912247560523544,-0.29799766887053186,0.03539691516132084,0.048554060453656234,-0.6401292418180792,0.33304003932639015,0.009797033223837256,0.1009535661146824
mark,-0.3718608178848952,0.2175556563084089,-0.31786806994916256,0.063357968535114,0.040518207763760895,-0.17512568038117016,-0.5295776340528286,0.9050510351317175,0.03221984828402329,-0.10369317910900121,0.6784295983531364,-0.40525571890670736,-0.18830128846513733,-0.0592535721313761,0.18537281052221116,0.5258240074630802,-0.2502756217461971,-0.18671725667724948,0.3490100287919614,0.6969656467961751,1.0,0.29918671270995767,0.28478623146487275,-0.3858922050932608,-0.22141606628856747,-0.7352896985444369,-0.3631922220344129,0.1255998446297268,-0.12247511907985202,-0.2562095805791651,-0.4478337425351229,-0.16887831380373144,0.04431263436389121,0.21367139625696488,-0.021582556737926535,0.4225720133670148,0.038178178643840606,-0.49700447744219284,-0.41293843272579267,0.058313560760002964,-0.185838888501098,-0.6960120478560412,0.676504371745344,0.6902482273425317,-0.798411268599575,-0.04480538604309895,-0.41310249202729693,0.5707668921589935
det,0.005519264460658027,0.10538816783961544,-0.434947909216574,0.23095062223176815,-0.2318874761218073,-0.6235439611738953,-0.030945925412337403,0.05783735534193572,-0.32721759156546315,0.7063053429619836,0.6147071901342996,-0.6418623478059865,0.09424753449913373,0.2847624635020585,-0.19249972333557913,-0.14303199060910082,-0.2054722109679238,0.5169858582293657,0.04279686575634933,0.4265451908840259,0.29918671270995767,1.0,-0.48862809844888383,-0.61159752038283,0.5049005079724943,0.12982375036626023,-0.7152037010958571,-0.09441447498486578,-0.46835014898028243,-0.8155110150490898,-0.7943131388397193,-0.46160978544724085,0.4372529621953513,-0.2390962294779443,-0.5911879524656534,0.5088457352314053,0.6928042523759554,-0.523059604749123,-0.3336300684337579,-0.12918903855510272,-0.7824001734714616,-0.6437697463046403,0.05118608452023275,-0.09279300645116512,0.10395824230950236,0.3213310169639706,0.40437066220480017,0.05377579678403885
csubj,-0.7605281963232076,0.7445205364563013,-0.11566792786264035,-0.7235710402260863,0.7033572086171557,-0.04439099058775289,-0.20751138348710876,0.5853251343297347,0.2193339293076532,-0.457257504227793,-0.08180877501119886,0.10712802464075055,-0.026176688944978137,-0.34393373117057024,-0.2346126178920503,-0.08677925079107937,0.4622296943589024,-0.03406715218976334,0.7404481527046044,0.09749328456941857,0.28478623146487275,-0.48862809844888383,1.0,0.3373803466141706,-0.4031404192015516,-0.46738767961011557,-0.03165847720551546,-0.3182195080811,-0.20700309873179004,0.7157265892510988,0.034050170225931944,0.44795068441118857,-0.49044852595665805,0.07228443045061869,-0.08426307269395548,0.14467751877015594,-0.18131668375250481,0.5262156782722971,-0.5678828926716906,0.7491446111603792,0.4473497770138517,0.2881705789852275,0.33722131029808994,0.2703511138941042,-0.6288721914858165,0.35153303054644675,-0.6077863634693259,0.7333286952501962
xcomp,-0.3875492214338037,0.14536338240412075,0.06473909426947975,0.009260427407249557,0.03663145558704953,0.5269906165272706,-0.25856223099531245,-0.12154378055348311,0.7649158654280684,-0.7973046517487374,-0.2069389407189614,0.9010782457243356,-0.6087402271638734,-0.7732625837292861,0.21241276166954928,0.025794130191022488,0.820197018324252,0.27667766604873273,0.3536218319228501,-0.8098015876172221,-0.3858922050932608,-0.61159752038283,0.3373803466141706,1.0,-0.5391429688728759,-0.27498681214757015,0.5396913648050202,0.40579179111275243,-0.03594781011915959,0.566746111473708,0.7824035698510919,0.010123428724231661,-0.8994799783956748,-0.17098158956827036,0.3856432426760903,0.233285114437587,-0.7507906700045197,0.8665392080234566,0.1398899525050406,0.21702124885107563,0.366736649431229,0.20753755478824917,0.2357955429672234,0.15069266956185567,0.3500987847656928,-0.13479515500035583,-0.5734160522095489,0.25899449727945606
obl,0.44997258069726337,-0.11594061280063568,-0.3990807995220861,-0.16226972215088037,-0.38197350470630925,-0.20141407435571793,0.2933985587960424,-0.4709645644239727,-0.558433345517374,0.8448791266672634,0.14742442931433283,-0.6995201897619376,0.3059101005901706,0.8004875882093501,-0.33780421945092265,-0.7297436016581867,-0.3966796571673254,0.11716729321502703,-0.37197931917894145,0.014472441051351325,-0.22141606628856747,0.5049005079724943,-0.4031404192015516,-0.5391429688728759,1.0,0.75024995792209,-0.1725645608375088,-0.277672872239676,-0.41710571042499195,-0.5570695365307617,-0.6063829805941906,-0.27454139047989906,0.7392597944416406,-0.6563096062209284,-0.25907703647264474,-0.1667490583122569,0.6872292783805252,-0.4092982005046208,-0.10199733188548679,-0.3319715820774329,-0.7010035052003901,0.08006846860970057,-0.35890970276461953,-0.30284659652748247,0.12168522133542022,-0.009786549966643882,0.890390256995123,-0.2414155136528139
nmod,0.6342135332123819,-0.2983716840446024,0.016436225662787057,-0.20247884464689495,-0.14780289385441617,-0.16602164583612453,0.7371845026989486,-0.8188111938628904,-0.6139911206044457,0.6982886163471979,-0.39448188775494075,-0.29857435785705533,0.4740430117670082,0.6959725655174055,-0.260037945220784,-0.7206554859662668,-0.27328457949196505,0.04868033286288543,-0.5865244128579451,-0.2272354155517579,-0.7352896985444369,0.12982375036626023,-0.46738767961011557,-0.27498681214757015,0.75024995792209,1.0,-0.0074949373286878,-0.3225138505309581,-0.0783088440325692,-0.21841323623612197,-0.1584579590856455,-0.017747118366739527,0.584140317556638,-0.31708430219591743,-0.1536483483873529,-0.5341580191921419,0.5383716175420671,-0.07759996988559482,0.18001437863685296,-0.28879642299479297,-0.17578189980212378,0.5456020180746776,-0.8418706051401182,-0.7783616250201801,0.5246627384376794,0.049151349884980676,0.847363678116953,-0.6719909579445953
cc,0.3325426286001272,-0.45859013667517884,0.4307237692121388,0.32192241772858765,-0.44409987242224386,0.9697058668341807,-0.30434244722167686,-0.3968909183876891,0.5470006611280687,-0.5612801267186665,-0.44397646761311194,0.6203459790542625,-0.26302220303615426,-0.20290026612423673,0.18835529487939223,0.15309193916823247,0.013618886562414584,-0.47730849789610647,-0.33589891313502396,-0.6713333857501832,-0.3631922220344129,-0.7152037010958571,-0.03165847720551546,0.5396913648050202,-0.1725645608375088,-0.0074949373286878,1.0,0.34740065589547586,0.5131211294056213,0.41038148841452426,0.7877241979153984,0.17849607088164535,-0.22147230537637505,-0.16469688481153572,0.6918475244925854,-0.43078465536745564,-0.793326714558197,0.22771508402954665,0.7453163484425165,-0.30586659357326007,0.22169459939557948,0.3482901880613123,0.15305018775437235,0.34091926252945115,0.1466187783459119,-0.6769695101981622,-0.020399973284599564,-0.20925657870170275
nsubj:pass,0.17399977326774324,-0.5483578160283061,-0.2903356339807349,0.566196226466805,-0.6442724187599947,0.505781694648417,-0.27278847569216114,0.08078344032629545,0.40231324218341435,-0.4858882750046081,0.47890803275493954,0.4455310464599058,-0.8822915724956559,-0.3093840349895059,0.8908249108945999,0.4575807654853843,0.11212297311013517,-0.005259589127509564,-0.2365478203025724,-0.40611692769369684,0.1255998446297268,-0.09441447498486578,-0.3182195080811,0.40579179111275243,-0.277672872239676,-0.3225138505309581,0.34740065589547586,1.0,-0.03152336806031065,-0.3502706231723937,0.4655607691803155,-0.7443279944416098,-0.37541076262865314,-0.10403563067761802,0.7717362165942615,0.2803205764841105,-0.5559367388800663,-0.038217405577151524,0.27348352313686575,-0.6619707752631525,-0.0746872962272,-0.5277006776475451,0.30133819503587045,0.3880667407831287,0.2397812634941266,-0.7554861947237849,-0.36535293851784484,-0.06330249774169118
discourse,0.46001724943295813,-0.5275468823652187,0.9191145828963652,0.4487616631086414,-0.031172251584612082,0.4319165938916376,-0.0024863092284368744,-0.18200947914764126,0.1122496979606509,-0.29088539929939966,-0.6415958499866078,0.3533349413888007,0.35295282989691246,-0.05937247472889968,0.079951780961175,0.602891610990692,-0.44595512770802215,-0.7192308664087569,-0.48345417891643994,0.07764206843617848,-0.12247511907985202,-0.46835014898028243,-0.20700309873179004,-0.03594781011915959,-0.41710571042499195,-0.0783088440325692,0.5131211294056213,-0.03152336806031065,1.0,0.3537040641249074,0.5390972978414185,0.5527070348908157,0.13317008238692346,0.6638736982086826,0.2993367316556107,-0.6596401410231136,-0.46177286023864916,-0.19803290640142787,0.797502795293895,-0.16433159329925823,0.5274276574735093,0.288196031886601,-0.11929669736791425,0.051984078983869614,0.01422515339382785,-0.30123911966748884,-0.004003050634129441,-0.5389094333761726
csubj:pass,-0.40432043737798257,0.39549776481383586,0.5214943015411371,-0.4215480305752141,0.624251710379374,0.2793737375797825,-0.05554440839358666,0.048727743926181386,0.380952315584405,-0.6006846929059639,-0.698092831548878,0.554624938917917,0.17934883680088543,-0.46325912973236594,-0.29963507657502014,0.013133426202858369,0.435486468816475,-0.21291466840086215,0.3871808980442443,-0.24842129886907371,-0.2562095805791651,-0.8155110150490898,0.7157265892510988,0.566746111473708,-0.5570695365307617,-0.21841323623612197,0.41038148841452426,-0.3502706231723937,0.3537040641249074,1.0,0.5509424687575825,0.7849612406021974,-0.5225233726125935,0.28182637013591516,0.03939890004461821,-0.2828186620738863,-0.4906619066933287,0.7013371535984925,0.06744004705731309,0.6598247944425235,0.7458739423149939,0.6837274329661575,0.038448836101233,0.01615826127264357,-0.16919084299349935,0.24388378230200544,-0.44850354589980823,0.22790956742875765
acl,0.1263701071349984,-0.378939944319841,0.507035543590641,0.3007261340955388,-0.12154470228521896,0.7364914280107081,-0.08693557092875849,-0.28375154881821013,0.5894327627744611,-0.7857313902371453,-0.5007257725288069,0.9321729011589832,-0.37375779113745466,-0.5443005332066865,0.4086432462404066,0.3543322842873558,0.3247057300534476,-0.25625933048481436,-0.17928755499378837,-0.6793403713871923,-0.4478337425351229,-0.7943131388397193,0.034050170225931944,0.7824035698510919,-0.6063829805941906,-0.1584579590856455,0.7877241979153984,0.4655607691803155,0.5390972978414185,0.5509424687575825,1.0,0.16512071578657225,-0.5907955118383722,0.21462032126697275,0.6637126670110058,-0.2802147568934101,-0.8746296313711468,0.5252946976525995,0.6357320388661684,-0.13390675257459236,0.6048315938744011,0.3378618889455287,0.0034230767210907025,0.08743906401805372,0.3708471748097866,-0.4626623881869205,-0.4071092673006549,-0.25056191417413837
expl:pass,-0.16338410884723717,0.33466505984370865,0.7499334886058021,-0.309468684940631,0.6284793215234912,0.012515092788758944,0.033751230016399854,-0.04218602836353045,0.04755227363896918,-0.1290525564997635,-0.7916688260323184,0.127564208265797,0.6997420969945783,-0.10418314999942736,-0.6456442722242174,0.011212787987130485,-0.02172354708241706,-0.3496012447226751,0.18635225655712573,0.17158469295650464,-0.16887831380373144,-0.46160978544724085,0.44795068441118857,0.010123428724231661,-0.27454139047989906,-0.017747118366739527,0.17849607088164535,-0.7443279944416098,0.5527070348908157,0.7849612406021974,0.16512071578657225,1.0,0.006478396225762941,0.4261804033787507,-0.3397182552236313,-0.4757319379796748,-0.1037904239849693,0.2511072535082083,0.16653207685962476,0.648289388906881,0.5369083059850969,0.658911972387393,-0.10571835906014604,-0.11293540793023348,-0.2514558499400777,0.4426208887502005,-0.02561365326577634,0.005876327085243292
amod,0.6784055191191419,-0.37418718200211637,0.03479656492999322,0.025744786037105682,-0.2477832212064368,-0.2612165609819748,0.3732821534248444,-0.2597209019798496,-0.7682220944102304,0.8368856999130393,-0.02444376923806381,-0.8007375561244302,0.6384202386125122,0.9231320305590209,-0.22784331768718696,-0.22527424075344796,-0.8804149530718229,-0.3872308977789145,-0.6291681625526551,0.5019034323917959,0.04431263436389121,0.4372529621953513,-0.49044852595665805,-0.8994799783956748,0.7392597944416406,0.584140317556638,-0.22147230537637505,-0.37541076262865314,0.13317008238692346,-0.5225233726125935,-0.5907955118383722,0.006478396225762941,1.0,-0.026997669948647225,-0.20639297708924376,-0.5067985687762598,0.6665207303909246,-0.809516680331949,0.13452014802028714,-0.41311174777273013,-0.38482466704933715,0.05513263531093455,-0.4296590524719128,-0.26816196640835016,-0.1370442577457693,-0.07630948704986885,0.8326604310586878,-0.5098965643004029
nummod,0.039820616472880065,-0.15085312697952286,0.5962756278315698,0.10284738494258185,0.48423761859923364,-0.21123748148862417,0.23897688259837954,0.33603169003104566,-0.17057361494100765,-0.23238138154446833,-0.32586693698010377,0.15426781673157827,0.33781407855887263,-0.14890903377805595,0.21218698496345728,0.6843946853192883,-0.26543500245203816,-0.4383806782053264,-0.10735331484479119,0.5240387834896184,0.21367139625696488,-0.2390962294779443,0.07228443045061869,-0.17098158956827036,-0.6563096062209284,-0.31708430219591743,-0.16469688481153572,-0.10403563067761802,0.6638736982086826,0.28182637013591516,0.21462032126697275,0.4261804033787507,-0.026997669948647225,1.0,0.02419120120046764,-0.31452982524751355,-0.12367917802082294,-0.14353943168980404,0.16758384599293177,0.142761614142695,0.7207621119898863,0.06996551156580573,-0.17950254269120544,-0.1388837727236643,-0.1818615174691685,0.13050386073788417,-0.39100717742148894,-0.27832918752618
conj,0.3927228996409535,-0.6639426281184038,-0.0007992714382672636,0.29046063581592874,-0.4958074644861455,0.760338485043185,-0.0906125536440136,-0.020379493871537886,0.2478608981670674,-0.5610576775047595,0.03041099061691186,0.45054144896295933,-0.5847587835711088,-0.059457755341960794,0.8082144130878639,0.3797690974191428,-0.12987409981180925,-0.5347697212438705,-0.4590307012531495,-0.41374862069743207,-0.021582556737926535,-0.5911879524656534,-0.08426307269395548,0.3856432426760903,-0.25907703647264474,-0.1536483483873529,0.6918475244925854,0.7717362165942615,0.2993367316556107,0.03939890004461821,0.6637126670110058,-0.3397182552236313,-0.20639297708924376,0.02419120120046764,1.0,-0.297334182695163,-0.669583357583195,-0.02079641802800271,0.462793501492925,-0.6436892059199376,0.2913308658729162,-0.006004876735055484,0.09122942817651743,0.33896005640186794,0.0023195506810856814,-0.9173367596969051,-0.2646555773690478,-0.23762589545498836
appos,-0.7072473876610844,0.5213076293879026,-0.5840191609580024,0.1095485116870593,-0.025517896914808855,-0.26884211371394817,-0.5298512039179221,0.45700629292167877,0.4413487676671269,-0.15474439622416336,0.7375209456012598,0.040137918096788065,-0.5840166891132654,-0.5512158458586384,0.03624613780593979,0.06258949738531977,0.5932844124519807,0.7661497482395506,0.7102815283940043,-0.014933596985130013,0.4225720133670148,0.5088457352314053,0.14467751877015594,0.233285114437587,-0.1667490583122569,-0.5341580191921419,-0.43078465536745564,0.2803205764841105,-0.6596401410231136,-0.2828186620738863,-0.2802147568934101,-0.4757319379796748,-0.5067985687762598,-0.31452982524751355,-0.297334182695163,1.0,0.006936388077732095,0.2025742432450345,-0.546186421806858,0.2684084925667894,-0.45809714322626105,-0.7225621889703133,0.6262161119231185,0.3717965094264474,-0.006627276639837926,0.29073868063336067,-0.4408013470911659,0.7124276437632203
case,0.10338048811950233,0.23445791247428946,-0.3744542768957988,-0.4094886982319585,0.22425377132979493,-0.8385906444360341,0.5380787333403292,-0.054212903077819244,-0.8286772489187902,0.9265602097988352,0.1976879830539829,-0.855713696765986,0.5582526150311409,0.6915104250791596,-0.40130820603539663,-0.5492129876175401,-0.32452513084132195,0.2789782217931316,-0.057577390868833005,0.5426122492876704,0.038178178643840606,0.6928042523759554,-0.18131668375250481,-0.7507906700045197,0.6872292783805252,0.5383716175420671,-0.793326714558197,-0.5559367388800663,-0.46177286023864916,-0.4906619066933287,-0.8746296313711468,-0.1037904239849693,0.6665207303909246,-0.12367917802082294,-0.669583357583195,0.006936388077732095,1.0,-0.39355435769591196,-0.529899195702783,0.0782794499775693,-0.4018696628670874,-0.008272338569191608,-0.4787205332628482,-0.5535087679810051,-0.04465604934579572,0.5318568515723253,0.5855363186314759,-0.117523057388045
xcomp:pred,-0.5565194181726736,0.48829799438819926,0.04908724089305194,-0.3822389727654756,0.43679642689055753,0.13697067098500937,0.008539985830414298,-0.141466587712991,0.5034814560866209,-0.5395816649863323,-0.3639289648842734,0.6938754929670196,-0.25979412815889086,-0.6489725375823249,-0.1494548438426761,-0.29127649904151437,0.9075118158975091,0.4495020206042406,0.5418028393507683,-0.6473004561583913,-0.49700447744219284,-0.523059604749123,0.5262156782722971,0.8665392080234566,-0.4092982005046208,-0.07759996988559482,0.22771508402954665,-0.038217405577151524,-0.19803290640142787,0.7013371535984925,0.5252946976525995,0.2511072535082083,-0.809516680331949,-0.14353943168980404,-0.02079641802800271,0.2025742432450345,-0.39355435769591196,1.0,-0.15906204197201915,0.5752327281401336,0.4316243737639292,0.45628400017000764,-0.004067438155627212,-0.1757243729212247,0.32005183336433046,0.3210357102891622,-0.46217992581243883,0.3185587483756027
aux:pass,0.6839056263515695,-0.7644630115291448,0.7133243780060897,0.7048847127783905,-0.5377421487294146,0.6905668472686171,-0.0757064431792055,-0.5857413446667455,0.27030748313751063,-0.20878391520626483,-0.5066823005587686,0.46055033187101013,0.0508262613365981,-0.024600321605658428,0.1785673905331846,0.36498539371733607,-0.3443449936521701,-0.4831682912675674,-0.6818854999520343,-0.38410758177073484,-0.41293843272579267,-0.3336300684337579,-0.5678828926716906,0.1398899525050406,-0.10199733188548679,0.18001437863685296,0.7453163484425165,0.27348352313686575,0.797502795293895,0.06744004705731309,0.6357320388661684,0.16653207685962476,0.13452014802028714,0.16758384599293177,0.462793501492925,-0.546186421806858,-0.529899195702783,-0.15906204197201915,1.0,-0.5155748609208509,0.13476075305130916,0.18717597016203863,-0.12600059261794772,0.04961154540251426,0.42007473902886494,-0.5771712118466515,0.267230629505619,-0.669095392466398
advmod:neg,-0.8120943082071445,0.9124202625627241,0.13646860438465813,-0.577206601145845,0.8445067273371399,-0.3858272690402415,-0.12414256180079498,0.3240703793187586,0.19821835558550666,-0.16750685072516158,-0.2616958881787123,0.07982175224993676,0.3112276913289975,-0.4351357863395577,-0.6636199725242842,-0.1923742998773072,0.5588345897632796,0.3388145996917054,0.831320831999874,0.1601702026425414,0.058313560760002964,-0.12918903855510272,0.7491446111603792,0.21702124885107563,-0.3319715820774329,-0.28879642299479297,-0.30586659357326007,-0.6619707752631525,-0.16433159329925823,0.6598247944425235,-0.13390675257459236,0.648289388906881,-0.41311174777273013,0.142761614142695,-0.6436892059199376,0.2684084925667894,0.0782794499775693,0.5752327281401336,-0.5155748609208509,1.0,0.297873320815873,0.2940362906785363,0.17966554382802752,-0.0493788486792082,-0.27569613975716084,0.8337376310427721,-0.3793030521284557,0.6054203495270263
cop,-0.0902111369462102,-0.011772310785035623,0.5294641545161304,-0.28696993055147685,0.6088771339400821,0.10552834101757978,0.33872236654013693,0.13470018382661736,0.025526116929638222,-0.5468147035748775,-0.6140562582027586,0.5136876521011138,0.15261049746547947,-0.28795435750081794,0.21043180535846973,0.3245762260760375,0.1469118046684855,-0.41328307797476554,0.014868011802315359,-0.010912247560523544,-0.185838888501098,-0.7824001734714616,0.4473497770138517,0.366736649431229,-0.7010035052003901,-0.17578189980212378,0.22169459939557948,-0.0746872962272,0.5274276574735093,0.7458739423149939,0.6048315938744011,0.5369083059850969,-0.38482466704933715,0.7207621119898863,0.2913308658729162,-0.45809714322626105,-0.4018696628670874,0.4316243737639292,0.13476075305130916,0.297873320815873,1.0,0.5599180749959336,-0.2849470667530292,-0.2244664640065083,-0.08295149380257708,0.04562538292548233,-0.5249592260418267,-0.16950228417175828
