,len,PUNCT,AUX,ADV,PART,CCONJ,NOUN,SCONJ,VERB,ADP,PROPN,PRON,NUM,ADJ,advmod:emph,obl:arg,aux,flat,conj:expl,nsubj,root,advcl,mark,det,advcl:pred,csubj,xcomp,obl,nmod,advcl:cmpr,cc,nsubj:pass,discourse,csubj:pass,acl,expl:pass,amod,nummod,conj,appos,case,xcomp:pred,aux:pass,advmod:neg,cop,obj,ccomp,fixed,acl:relcl,advmod,orphan,punct
len,1.0,-0.8728804159540933,0.1676143614137444,-0.04853736467577977,0.19604720256968466,0.043824699385415306,0.5851659624562722,0.27646243428211714,-0.21493932139118002,0.3915438773750718,0.4779534377270092,-0.5723320090677967,-0.29978347445310116,-0.36560539464107855,-0.018095897606625326,0.31604770216752937,0.12326919932879331,0.12783472522985972,-0.1620761694878579,-0.47491991237749304,-0.9152722517207978,0.35324443003496236,0.012460171450274863,0.31490641872179886,0.10340673017266264,-0.09112731035225692,0.5819146509732201,0.6211593916103578,0.13284387339540757,0.223314768884229,0.04751208197757578,0.2984188445676567,0.01786647696205848,0.8870746019757341,-0.24424389633261784,0.022236562240920372,-0.5912351721603203,-0.36816735532617606,0.34936832399873186,0.12783472522985972,0.5499613588631119,0.28660996289164603,-0.15323197784326628,-0.27458539044977986,0.38208830817602957,-0.8269486718149534,-0.5050581275337024,0.29327672116174514,0.10500228451272077,0.16426292895411593,-0.09639537413051442,-0.8882733546078608
PUNCT,-0.8728804159540933,1.0,-0.02287871714547184,0.11582505126543692,0.08148823343495595,0.05682510357228486,-0.7615794124846715,-0.21269411834383178,0.25581503211523426,-0.38054130376133316,-0.3271205329480897,0.23868528587264046,0.4906616061191445,-0.005041484614584716,0.22504922818987771,-0.48004582899511644,-0.3119029434164534,0.004422765036644634,-0.14266225276248004,0.1750073361998869,0.9702006062269805,-0.10655319350455313,0.13991374622935246,-0.5439230965537568,-0.3824492079649725,0.012038740234665059,-0.4682921359684065,-0.7499786241637945,-0.19739959873182678,-0.40232425535725286,0.10510656027366864,-0.29099869040423487,-0.2637394778330833,-0.6342764630225548,0.23486126916517228,-0.13078561123813237,0.4684265348624549,0.45543903956079723,-0.3296545711390015,0.004422765036644634,-0.5817499923080813,-0.36644479651674405,0.1256904699350169,0.270736310481865,-0.019762425792744474,0.6995252927152945,0.6291499471676177,-0.33575313240677196,-0.40257955419216324,-0.04191019137915994,0.3797606657629164,0.9952405915450734
AUX,0.1676143614137444,-0.02287871714547184,1.0,-0.1277252241815112,0.5202985029901337,-0.27689466486116104,-0.44880029172342545,-0.38013907042413303,0.22852761859449008,0.2992003950132294,0.10861573122929714,-0.16142034609013145,-0.08692666152184879,0.0829975342626694,-0.2364246487774588,0.5247091131683133,-0.6653230879509863,0.13435926032382117,-0.36814331825200286,-0.722577251192173,-0.058284545883207056,-0.057980184269317295,-0.19228657258659573,-0.6250530327070029,-0.28016266865675854,-0.3945076986493977,0.3715817140009283,-0.4882361873902965,-0.3177616421217392,-0.1883576227558307,-0.23570046892009347,0.7186766630157169,0.35021698418385877,0.36916154979074983,-0.014326781413347697,-0.1612312094840655,-0.1657575695371845,0.0672407490780138,-0.19561923629560057,0.13435926032382117,0.20130430894103996,-0.04632583617668223,0.8456454427853226,0.36450639514074407,0.7834074795614479,-0.27899753591820753,0.5148161805985975,0.1600490904670578,0.2301952164852512,0.008540041741335784,0.10316289861612572,-0.04183167081783995
ADV,-0.04853736467577977,0.11582505126543692,-0.1277252241815112,1.0,0.3146423750641161,-0.3438762166318274,-0.10698610163482779,-0.654157105786219,-0.151412351474301,-0.21446977804904063,-0.43929508267928563,-0.6484466403734966,0.4333043985585734,-0.1910782368073054,0.8823602750395235,-0.42483238310012705,0.2911882460275075,0.6686397988137186,-0.2222746998214098,-0.14589966254591122,0.06757143395220852,0.08619910898132654,-0.5035697495753411,-0.028855857446110057,0.22916374799436298,-0.3282863577136338,-0.4193741941900381,0.2687074942258168,0.03169777709294527,-0.598021384066882,-0.14433472123214117,-0.0789729922353394,0.18929676967316672,0.16549294541009585,-0.1777717357667979,-0.4778732007964004,-0.3117239925604676,0.11429414090926936,0.13866710187333878,0.6686397988137186,-0.28745538495622386,0.31460848619639903,-0.299062509952618,0.5938382893723857,0.011972105483341058,-0.16701618391768613,-0.20188416371781903,0.2523974763355599,0.19338303093021617,0.8989889262201874,0.24568683718007592,0.08985579851272311
PART,0.19604720256968466,0.08148823343495595,0.5202985029901337,0.3146423750641161,1.0,-0.0472896625941665,-0.2715130265532409,-0.38918272013101896,-0.4952414998026948,0.48513746119287077,-0.07664972376703008,-0.6038113998808544,0.6453969297077763,-0.4279491725543598,0.1703205459252478,0.028197899386353937,-0.11532763852988714,-0.045351931216709246,-0.6360238495432453,-0.898717582755047,-0.09138596230811742,-0.321506257175513,-0.35130677538038846,-0.4936059090376816,0.01768717149057677,-0.40474660141340507,-0.2763054479881154,-0.3840189288735585,0.37078118606897786,-0.556416406556199,0.22835915382121766,0.4300103524893051,0.1992486218532573,0.3285545860416247,0.4576101173595694,-0.2574468083189254,-0.39222369073319274,0.6105813648036421,0.12435477747958949,-0.045351931216709246,0.34920201789381244,0.249101926534588,0.03625943701601264,0.229741426143381,0.8126605777331053,-0.33923675488942984,-0.07517289056512169,0.04664081468529067,-0.27936633501724073,0.5388193957823173,0.7547925689264111,0.022439075075422716
CCONJ,0.043824699385415306,0.05682510357228486,-0.27689466486116104,-0.3438762166318274,-0.0472896625941665,1.0,-0.1618162489191974,0.4045522469093283,-0.3012402052626863,0.42671206667309464,-0.12339886054392923,0.13931918991378137,0.4057403386214583,-0.3555755711762759,-0.20606134328053755,-0.48186248609181526,-0.21030319859627072,-0.21416970295492793,0.37147229376967755,0.045663683152541434,-0.06420943257688859,0.11453120309608832,0.6693377771716271,-0.2682532485988314,-0.5063455115569883,0.02496566713507436,0.20146252238613327,-0.06666756380146426,0.2471736056713262,0.6526062398579292,0.9494184589868454,-0.705322653129729,-0.3891951829309818,0.037703709217147774,-0.14536702345205957,0.8684924865501814,-0.4026243117740985,0.48239793455027413,0.7516508997873581,-0.21416970295492793,0.322169958267341,-0.2879441026914737,-0.29125176665564473,-0.7456976898562777,0.10250390528255061,0.06452692619571554,-0.2946211966920561,0.29488743549063495,-0.768529459217569,-0.4728213387385434,0.33107442343122784,6.92883419358037e-05
NOUN,0.5851659624562722,-0.7615794124846715,-0.44880029172342545,-0.10698610163482779,-0.2715130265532409,-0.1618162489191974,1.0,0.5037039829242439,-0.23206864220426585,-0.04351979794934028,0.26350407425068656,-0.09983558347123811,-0.4306683008314152,-0.1011352618040838,-0.17558282904823327,0.23478334014722113,0.7802633847690832,-0.21139694682878465,-0.011707714338784505,0.23098241997737456,-0.7140763160398,-0.0626508567323965,-0.048667931629161165,0.9327696885782105,0.7081434919316512,0.47386933462956754,0.039381466411222185,0.7356155586568738,0.4638106399250903,0.16617548757501993,-0.2014286181190565,0.08687047772273544,-0.07373597306324361,0.24912161477633457,0.046008854735641334,-0.11205949472009702,-0.09816178950283411,-0.4659846929946089,0.04941655577710296,-0.21139694682878465,0.21251261482163822,0.21553799958684358,-0.5133038132417138,-0.3949370548197391,-0.3994753877950358,-0.2657390158836691,-0.6431372360395828,0.009216136626577469,0.2504975716675162,0.10628881622817067,-0.4642246186453401,-0.7310679227126582
SCONJ,0.27646243428211714,-0.21269411834383178,-0.38013907042413303,-0.654157105786219,-0.38918272013101896,0.4045522469093283,0.5037039829242439,1.0,0.16423398363540248,-0.1810657632319021,0.3760210766777795,0.18473889747889333,-0.2934821227318786,-0.4040078339017596,-0.4206712069330154,-0.10877904989560852,0.2317200487931338,-0.36187400799405145,-0.06430642691196571,0.3254809963241021,-0.2256156760741162,0.21234704276806587,0.7590453843512612,0.4761568590465436,-0.021644756854147035,0.7375498544778427,0.31965914316789473,0.15317485320501034,0.23957418020186064,0.410362673928859,0.24453668347332544,-0.3019944595393967,-0.7433126187747647,0.09159721501753572,-0.020950628574557758,0.24941719807789778,0.08739744211197464,-0.2514193768118099,0.02339114192126627,-0.36187400799405145,-0.03873723233441588,-0.4698510646241734,-0.32009734072833923,-0.8362084602667224,-0.19165717986805264,0.18457215118478834,-0.092652997573014,-0.1307486401815563,-0.45450403742031104,-0.4990289649069591,-0.31027999952012836,-0.19690906902162975
VERB,-0.21493932139118002,0.25581503211523426,0.22852761859449008,-0.151412351474301,-0.4952414998026948,-0.3012402052626863,-0.23206864220426585,0.16423398363540248,1.0,-0.7384229136504308,0.0506954250785593,0.17305540311740839,-0.5263023645136463,0.07786016513790085,0.02389565823938996,-0.01714909084959518,-0.36105514398779837,0.4819676108902622,-0.11536038889702818,0.3414868628746858,0.3485735330611059,0.4884566286367851,0.39926194225514755,-0.049296946747006874,-0.3164746832851952,0.3483297334003007,0.4512490212537752,-0.15998172171250521,-0.677875904921514,-0.02477986633291405,-0.49934050767389915,0.015924949328335783,-0.3831617782062858,0.016094649857319603,-0.560554232557883,-0.2593377534402656,0.3091743708064906,-0.5584602122265638,-0.48155714523571935,0.4819676108902622,-0.7257694595084263,-0.6273083892309462,0.5479234767042238,0.15740202581330273,-0.10801973955266989,0.3740534970292069,0.7928908823564762,0.0448580587649615,0.23621557510039765,-0.2340611127536361,-0.6271712293152557,0.2937677519856373
ADP,0.3915438773750718,-0.38054130376133316,0.2992003950132294,-0.21446977804904063,0.48513746119287077,0.42671206667309464,-0.04351979794934028,-0.1810657632319021,-0.7384229136504308,1.0,0.16343136507434158,-0.046845405861594594,0.24976361220741794,0.0819408687807978,-0.3381961042841612,0.3546475968704311,-0.2508701093402262,-0.4246232448526459,0.25512018284839594,-0.5946084592601449,-0.4569478433688034,-0.2707738677986421,-0.22797157574371396,-0.3360139385813758,-0.1379273966936365,-0.5944063811718717,0.1302851258626326,-0.01499639420663693,0.2743200636895364,0.36994222850756303,0.5175605499174255,0.20593750011530954,0.5154319738084576,0.24206299997061867,0.28985194029611044,0.5376932182371904,-0.42572795512065176,0.4380428834401083,0.532262868205087,-0.4246232448526459,0.9543845116040708,0.5035023868699818,0.025742066113836413,-0.1807399113342077,0.4756705567461361,-0.5858887749609553,-0.4882484391311572,0.12456789661576419,-0.14493706226080472,-0.16046882250778727,0.5255657879743375,-0.4242325567075978
PROPN,0.4779534377270092,-0.3271205329480897,0.10861573122929714,-0.43929508267928563,-0.07664972376703008,-0.12339886054392923,0.26350407425068656,0.3760210766777795,0.0506954250785593,0.16343136507434158,1.0,-0.0503748770769187,-0.5511451135150334,0.08283949171470793,-0.14016577409454334,0.545107169701692,-0.20852163591265052,-0.29772611346906575,-0.009315801478618208,-0.19163997323022508,-0.23437745252062656,0.4567312655589893,-0.012164559480336472,0.18395675840882486,-0.22912124620101232,-0.15715730229238417,0.4884738416286949,0.21921432034773597,-0.3624263381230127,0.12336261937884585,-0.21831904949185377,0.40443183937619964,-0.00430753177471401,0.2729709691792786,0.17298749590726717,-0.1423993716180842,0.3402733812085575,-0.5606593492817632,-0.3698909575492804,-0.29772611346906575,0.3575288625340687,0.3723386478799723,0.009282259219857487,-0.021174546789689313,0.14607983936487912,-0.5322504045412747,0.022875433247853887,-0.613295596076107,0.08481670362339859,-0.3051260879880758,0.0073907621828870436,-0.27619251819452206
PRON,-0.5723320090677967,0.23868528587264046,-0.16142034609013145,-0.6484466403734966,-0.6038113998808544,0.13931918991378137,-0.09983558347123811,0.18473889747889333,0.17305540311740839,-0.046845405861594594,-0.0503748770769187,1.0,-0.32796733668082,0.6878062105954534,-0.6783237780249533,0.25127890575669354,-0.13685432814667406,-0.5591669564247539,0.6013421923895025,0.6247354155581709,0.3702496636156759,-0.35222549929128955,0.16792173094405524,0.04325750713485657,-0.03100379891175453,0.23206287897848285,-0.06536066665494794,-0.3023777142313943,-0.12786597893149135,0.4927399727156697,-0.05246012060889828,-0.152565415871517,0.12729123179005986,-0.7618327815705923,0.17275870224566175,0.43867590925840005,0.6038829261356142,-0.015937213293447935,-0.24346006454159483,-0.5591669564247539,-0.03790412657905723,-0.20978359285442022,0.28297861633859767,-0.2024235422550799,-0.5507952124841713,0.5712111848617425,0.2514761717537969,-0.2749711979975028,0.11578895847437874,-0.792316900455434,-0.35344966311219206,0.28318672614332235
NUM,-0.29978347445310116,0.4906616061191445,-0.08692666152184879,0.4333043985585734,0.6453969297077763,0.4057403386214583,-0.4306683008314152,-0.2934821227318786,-0.5263023645136463,0.24976361220741794,-0.5511451135150334,-0.32796733668082,1.0,-0.48544630350491536,0.3416046454319865,-0.6417033237025573,0.05247480051998585,-0.00706326262888835,-0.2694263688084063,-0.3333711029303924,0.29570742496380065,-0.34090850821133567,-0.012386460007995462,-0.4791086119104268,-0.09276367236247576,-0.18646658167154795,-0.5941179266990307,-0.4017354836676607,0.5046885922092105,-0.35030593512210445,0.6469778128052792,-0.35511918155273275,-0.12096183205349341,-0.12498912064458946,0.3170481490254886,0.10927753401892881,-0.35353624241435927,0.9090452834393621,0.43226883911329395,-0.00706326262888835,0.022531632115188188,-0.038190022973876206,-0.3503636301342244,-0.029464813568562766,0.33418755238910725,0.1834752889312068,-0.17898107122624904,0.16318456103134907,-0.6556308195337323,0.40969322178141815,0.7996865320736062,0.41582704853998287
ADJ,-0.36560539464107855,-0.005041484614584716,0.0829975342626694,-0.1910782368073054,-0.4279491725543598,-0.3555755711762759,-0.1011352618040838,-0.4040078339017596,0.07786016513790085,0.0819408687807978,0.08283949171470793,0.6878062105954534,-0.48544630350491536,1.0,-0.31429691640877244,0.594935738886762,-0.1827166146702746,-0.24571368951591943,0.6410676997007385,0.3467895824926601,0.1936235160915602,-0.2409371587320898,-0.49490585525546343,0.02118195554897829,0.09864914776391431,-0.32878009602331215,-0.04002291854740089,-0.011556139727131072,-0.41986757762045307,0.23581176097002907,-0.4713172456613008,0.27848565339357767,0.7220138108609014,-0.533703857755218,0.10061809525478797,0.08700509580642689,0.5459475783216937,-0.2735758900411228,-0.36118783420173023,-0.24571368951591943,0.13245668928804055,0.3867643853907901,0.422079926578052,0.4353736477048553,-0.44905887655562715,0.058809672605446194,0.14970994685154218,-0.2910057496392837,0.6937316146083125,-0.37221919335221026,-0.31604441151231155,0.05449315761813797
advmod:emph,-0.018095897606625326,0.22504922818987771,-0.2364246487774588,0.8823602750395235,0.1703205459252478,-0.20606134328053755,-0.17558282904823327,-0.4206712069330154,0.02389565823938996,-0.3381961042841612,-0.14016577409454334,-0.6783237780249533,0.3416046454319865,-0.31429691640877244,1.0,-0.5427744366333136,0.1260433698847599,0.7084817079801353,-0.19697917395247475,-0.0700661008950121,0.19247679133056503,0.4701442856522409,-0.2513723176037933,-0.05525888634700466,-0.09283354190269366,-0.311442694731806,-0.20980287431961206,0.2969953214493325,-0.21500858626536057,-0.5235491944407522,-0.0711165219956933,-0.23380444284061183,-0.09010021249083719,0.21774895187151375,-0.27708448437060046,-0.45848826145538113,-0.17356813039981026,-0.0571621018526291,0.06463919144240607,0.7084817079801353,-0.3830645452221073,0.2410215652949921,-0.3814949107504718,0.5097332233888355,0.012433968839993745,-0.19633680915140428,-0.07399358456229543,0.046381770861319414,-0.002742291077261304,0.7349256613645957,0.29045250552879864,0.21081526860915023
obl:arg,0.31604770216752937,-0.48004582899511644,0.5247091131683133,-0.42483238310012705,0.028197899386353937,-0.48186248609181526,0.23478334014722113,-0.10877904989560852,-0.01714909084959518,0.3546475968704311,0.545107169701692,0.25127890575669354,-0.6417033237025573,0.594935738886762,-0.5427744366333136,1.0,-0.18000264647781197,-0.38135477126675565,0.07727141297547331,-0.2723328150187286,-0.352815516687656,-0.20296166709987898,-0.4728477482396079,0.10799661344824804,0.21199842421897733,-0.2522210039213791,0.29626177171804424,0.030999820717309487,-0.21110110489252132,0.10217297051686552,-0.542311746427934,0.8383689613728864,0.6351208917862232,0.0887633280196707,0.27063898438399464,-0.1420550875405313,0.274868406005053,-0.4058408451939573,-0.4260266290232978,-0.38135477126675565,0.49754733546177826,0.4415447827215027,0.5183607980091762,0.2502892759909409,0.13711099867373175,-0.4233723385270081,0.07098994274999669,-0.2941657973276149,0.6433896581800449,-0.25262665979640997,-0.2567211919838568,-0.43111918258087767
aux,0.12326919932879331,-0.3119029434164534,-0.6653230879509863,0.2911882460275075,-0.11532763852988714,-0.21030319859627072,0.7802633847690832,0.2317200487931338,-0.36105514398779837,-0.2508701093402262,-0.20852163591265052,-0.13685432814667406,0.05247480051998585,-0.1827166146702746,0.1260433698847599,-0.18000264647781197,1.0,-0.1428571428571429,-0.14285714285714285,0.3514890079071002,-0.3133738864071963,-0.35067401999196623,-0.19227699625897168,0.83264423880025,0.8692606255450961,0.5188700174676149,-0.5426234696346636,0.5131980165978012,0.6899328755705222,-0.21551857782060665,-0.1262685425412446,-0.14329473302835127,-0.11566094651623529,-0.11137336622241033,0.24201199543472848,-0.28103524970572713,-0.024900349696953844,-0.07087735756260122,0.03282391852919481,-0.1428571428571429,-0.10672247927710274,0.15830882660965603,-0.7267846107312277,-0.2034318715937057,-0.5415430171269999,0.1134034072791915,-0.6205972778041445,-0.011465196137494934,0.09303503083934023,0.43801335971742433,-0.2138770809574982,-0.2979860191910489
flat,0.12783472522985972,0.004422765036644634,0.13435926032382117,0.6686397988137186,-0.045351931216709246,-0.21416970295492793,-0.21139694682878465,-0.36187400799405145,0.4819676108902622,-0.4246232448526459,-0.29772611346906575,-0.5591669564247539,-0.00706326262888835,-0.24571368951591943,0.7084817079801353,-0.38135477126675565,-0.1428571428571429,1.0,-0.14285714285714288,-0.048309765879595054,-0.013335433406782215,0.5889808016283724,0.018821039079121412,-0.1375672688173156,-0.20572736539377623,-0.15571110536062568,0.28413542200148195,0.2845510484931458,-0.4399729600809793,-0.21551857782060674,-0.2095560533979778,-0.14483328059355452,-0.11632824370314121,0.48471862188315085,-0.7924473736191566,-0.28103524970572713,-0.4234020060873866,-0.2817512864962398,0.15864237029551553,1.0,-0.4832655089710621,-0.17609765785855752,0.13889906246363334,0.39111851045092794,0.12569481233237054,-0.15276678534407362,0.19467678855567347,0.551233625891184,0.23670370867135695,0.5078752617533321,-0.2138770809574982,-0.01680286688006116
conj:expl,-0.1620761694878579,-0.14266225276248004,-0.36814331825200286,-0.2222746998214098,-0.6360238495432453,0.37147229376967755,-0.011707714338784505,-0.06430642691196571,-0.11536038889702818,0.25512018284839594,-0.009315801478618208,0.6013421923895025,-0.2694263688084063,0.6410676997007385,-0.19697917395247475,0.07727141297547331,-0.14285714285714285,-0.14285714285714288,1.0,0.5264713411981647,-0.017749022138783457,0.09779417146071266,0.0165950879147779,0.06586493310393852,-0.2057273653937762,-0.2753607741636324,0.18695451836629273,0.32164846677390496,-0.2735461528833505,0.7650862476713203,0.1998945188890127,-0.42127897764958083,0.350491390472276,-0.3350056993790392,-0.27220128612444733,0.6874114268992128,0.10689248347606882,-0.1361780998888227,0.3329432496204194,-0.14285714285714288,0.28531203754894685,0.24277434437658757,-0.03295784362042292,-0.12793959205429054,-0.5491139114657531,-0.027030438065248387,-0.27375182910608525,0.05998277202796776,0.20897600804166408,-0.5559411702813736,-0.21387708095749822,-0.12211622336304248
nsubj,-0.47491991237749304,0.1750073361998869,-0.722577251192173,-0.14589966254591122,-0.898717582755047,0.045663683152541434,0.23098241997737456,0.3254809963241021,0.3414868628746858,-0.5946084592601449,-0.19163997323022508,0.6247354155581709,-0.3333711029303924,0.3467895824926601,-0.0700661008950121,-0.2723328150187286,0.3514890079071002,-0.048309765879595054,0.5264713411981647,1.0,0.311690215126716,0.05202216169758873,0.28800815800666635,0.5173542398254489,0.16868863879020418,0.5307209784056762,-0.15002451178305923,0.23962363882928994,-0.10419216593425934,0.3270053594410585,-0.14836860953816486,-0.5760352666999369,-0.26947392490788796,-0.6016677800891641,-0.22210037686469844,0.16449468863479247,0.47556466831508354,-0.33128638074724126,-0.14822020411465214,-0.048309765879595054,-0.5097210640303611,-0.29065189555127546,-0.2503631501044067,-0.21168690653851976,-0.9402689882317328,0.6152406417335905,0.026021093457325076,-0.12105299109212793,0.1227206388688059,-0.36627575709267296,-0.5912515412625847,0.22580240445826705
root,-0.9152722517207978,0.9702006062269805,-0.058284545883207056,0.06757143395220852,-0.09138596230811742,-0.06420943257688859,-0.7140763160398,-0.2256156760741162,0.3485735330611059,-0.4569478433688034,-0.23437745252062656,0.3702496636156759,0.29570742496380065,0.1936235160915602,0.19247679133056503,-0.352815516687656,-0.3133738864071963,-0.013335433406782215,-0.017749022138783457,0.311690215126716,1.0,-0.06642969280874372,0.06801947249771627,-0.44878276086970686,-0.35195585108242977,0.0038775026767523383,-0.42967004181277135,-0.6791319058612898,-0.3378104922801441,-0.35609593390457017,-0.06318976217847182,-0.23872397622587638,-0.17532584864509224,-0.723153026107892,0.21148162510235596,-0.17035892436252187,0.6339086822423645,0.27582455729338107,-0.4671800686382239,-0.013335433406782215,-0.6155971559786799,-0.29780478928957954,0.18215186400354194,0.3574774524673268,-0.17391215597770707,0.705803887383937,0.6759388666082671,-0.442030965728051,-0.22539041856635386,-0.12442787986219822,0.23397486772156056,0.9872302619753163
advcl,0.35324443003496236,-0.10655319350455313,-0.057980184269317295,0.08619910898132654,-0.321506257175513,0.11453120309608832,-0.0626508567323965,0.21234704276806587,0.4884566286367851,-0.2707738677986421,0.4567312655589893,-0.35222549929128955,-0.34090850821133567,-0.2409371587320898,0.4701442856522409,-0.20296166709987898,-0.35067401999196623,0.5889808016283724,0.09779417146071266,0.05202216169758873,-0.06642969280874372,1.0,0.3714717817084599,-0.017052002089535685,-0.5998453916444019,-0.13618971490378143,0.6898690632055537,0.4008164306597764,-0.6678124341841288,0.19426549349573125,-0.022786575033910194,-0.2360230630122208,-0.37750278696989675,0.5089255922203604,-0.6820578881528553,-0.018039103070521537,-0.11119912966482039,-0.5820145048051555,0.06209238137035891,0.5889808016283724,-0.20249852002467295,-0.07981443991157655,-0.024529658134610024,0.02005592171107598,0.07536372922874361,-0.3573453064523958,0.16277451882782634,0.04593496650265953,-0.04009015809580137,-0.06343279670773291,-0.1570645745178987,-0.09475506379519515
mark,0.012460171450274863,0.13991374622935246,-0.19228657258659573,-0.5035697495753411,-0.35130677538038846,0.6693377771716271,-0.048667931629161165,0.7590453843512612,0.39926194225514755,-0.22797157574371396,-0.012164559480336472,0.16792173094405524,-0.012386460007995462,-0.49490585525546343,-0.2513723176037933,-0.4728477482396079,-0.19227699625897168,0.018821039079121412,0.0165950879147779,0.28800815800666635,0.06801947249771627,0.3714717817084599,1.0,-0.041648689291231125,-0.4750743502717779,0.5709418918565606,0.4343435971250196,-0.13159731300277558,-0.0024360672413427653,0.483477593694592,0.4997033542543957,-0.5978964490656632,-0.84631887532927,0.10462333277609528,-0.3931618554099165,0.48387338678329067,-0.1451917867479545,0.017146550507460716,0.2783297123055919,0.018821039079121412,-0.2604998247591956,-0.8092709833213806,-0.051833084478663805,-0.7689753854549624,0.003962905444006367,0.3778503848452006,0.2082742195090402,0.24091000506716098,-0.6479652353671495,-0.536711924692093,-0.1976175461371472,0.11752629908085069
det,0.31490641872179886,-0.5439230965537568,-0.6250530327070029,-0.028855857446110057,-0.4936059090376816,-0.2682532485988314,0.9327696885782105,0.4761568590465436,-0.049296946747006874,-0.3360139385813758,0.18395675840882486,0.04325750713485657,-0.4791086119104268,0.02118195554897829,-0.05525888634700466,0.10799661344824804,0.83264423880025,-0.1375672688173156,0.06586493310393852,0.5173542398254489,-0.44878276086970686,-0.017052002089535685,-0.041648689291231125,1.0,0.7166876654161364,0.5733604074289514,-0.09058639358556347,0.7138278194315566,0.3275827080294731,0.08851745267660609,-0.34246649692536557,-0.05017577374496083,-0.14554126637778703,0.0037322001930395333,0.004844595210524382,-0.21634405013453972,0.14515574724236346,-0.5590891056220902,-0.12850852227767073,-0.1375672688173156,-0.07956110771168981,0.13670009130034014,-0.5426528577089369,-0.2756313163082571,-0.6631580298851933,-0.023925248425550466,-0.4955475086845014,-0.11504730495859786,0.31369096480273945,0.09539537024541411,-0.5803534154197706,-0.4939547001919838
advcl:pred,0.10340673017266264,-0.3824492079649725,-0.28016266865675854,0.22916374799436298,0.01768717149057677,-0.5063455115569883,0.7081434919316512,-0.021644756854147035,-0.3164746832851952,-0.1379273966936365,-0.22912124620101232,-0.03100379891175453,-0.09276367236247576,0.09864914776391431,-0.09283354190269366,0.21199842421897733,0.8692606255450961,-0.20572736539377623,-0.2057273653937762,0.16868863879020418,-0.35195585108242977,-0.5998453916444019,-0.4750743502717779,0.7166876654161364,1.0,0.38546386776771774,-0.534636039828561,0.3421105538895224,0.6218432891329239,-0.31036648445912873,-0.40790755678864243,0.27520795644459434,0.2396410190574188,-0.13256355658106192,0.3516363234482087,-0.4047164905331889,0.039974070876297056,-0.08902794403807429,-0.16618361397069667,-0.20572736539377623,-0.0032761931304436326,0.24866127482105066,-0.33547977597060874,0.042042736939341,-0.4000998795978116,0.06351810584508992,-0.4547931302017033,0.000983684872442787,0.4218791669260516,0.4419525715509208,-0.3080025786844825,-0.3597941773958183
csubj,-0.09112731035225692,0.012038740234665059,-0.3945076986493977,-0.3282863577136338,-0.40474660141340507,0.02496566713507436,0.47386933462956754,0.7375498544778427,0.3483297334003007,-0.5944063811718717,-0.15715730229238417,0.23206287897848285,-0.18646658167154795,-0.32878009602331215,-0.311442694731806,-0.2522210039213791,0.5188700174676149,-0.15571110536062568,-0.2753607741636324,0.5307209784056762,0.0038775026767523383,-0.13618971490378143,0.5709418918565606,0.5733604074289514,0.38546386776771774,1.0,-0.09629716140451369,0.009506323510085403,0.38573616021068496,0.03313264446882859,-0.0787385043928599,-0.26744472013371373,-0.7021988319886706,-0.1704297494458285,-0.018624962396940687,-0.08616643097915275,0.1682797072253267,-0.16425372902171112,-0.18356317175646594,-0.15571110536062568,-0.5049899841338022,-0.6863589113224517,-0.22557307925829964,-0.5770409459391997,-0.40909475673367307,0.6146277463647776,0.08612596825654693,0.03506709295853217,-0.21398279817638524,-0.16894758252748882,-0.5414202447442287,0.03059049131188052
xcomp,0.5819146509732201,-0.4682921359684065,0.3715817140009283,-0.4193741941900381,-0.2763054479881154,0.20146252238613327,0.039381466411222185,0.31965914316789473,0.4512490212537752,0.1302851258626326,0.4884738416286949,-0.06536066665494794,-0.5941179266990307,-0.04002291854740089,-0.20980287431961206,0.29626177171804424,-0.5426234696346636,0.28413542200148195,0.18695451836629273,-0.15002451178305923,-0.42967004181277135,0.6898690632055537,0.4343435971250196,-0.09058639358556347,-0.534636039828561,-0.09629716140451369,1.0,0.26040996740234873,-0.5463657901126131,0.5737435422451426,-0.0025641570763614216,0.09822780988325784,-0.13219404877005936,0.637796857655102,-0.6524624174153814,0.3106077538614002,-0.27892445623258033,-0.545191741069385,0.16847242451384822,0.28413542200148195,0.20961360861152137,-0.1840728890180596,0.41979251738095663,-0.24320547716735066,0.2986111582266424,-0.45616360525542177,0.1695724626514344,0.29071322102590363,0.11393089454177037,-0.4433063394602603,-0.37937490430921345,-0.4643384105375649
obl,0.6211593916103578,-0.7499786241637945,-0.4882361873902965,0.2687074942258168,-0.3840189288735585,-0.06666756380146426,0.7356155586568738,0.15317485320501034,-0.15998172171250521,-0.01499639420663693,0.21921432034773597,-0.3023777142313943,-0.4017354836676607,-0.011556139727131072,0.2969953214493325,0.030999820717309487,0.5131980165978012,0.2845510484931458,0.32164846677390496,0.23962363882928994,-0.6791319058612898,0.4008164306597764,-0.13159731300277558,0.7138278194315566,0.3421105538895224,0.009506323510085403,0.26040996740234873,1.0,0.03605535483279612,0.2924148995653009,-0.12493952206167458,-0.1510661835943034,0.08069320382545353,0.4326816723261906,-0.4207062862400053,0.010648182371549813,-0.3082177488289602,-0.5853255513265448,0.31903301072733886,0.2845510484931458,0.19540720174147908,0.41548248201367965,-0.5128324717185914,-0.11682138650639896,-0.40204570928643885,-0.5388543133310839,-0.6892871009227355,0.22150600363440545,0.36956187891128917,0.22910383324997152,-0.3870658345804373,-0.7304630167069763
nmod,0.13284387339540757,-0.19739959873182678,-0.3177616421217392,0.03169777709294527,0.37078118606897786,0.2471736056713262,0.4638106399250903,0.23957418020186064,-0.677875904921514,0.2743200636895364,-0.3624263381230127,-0.12786597893149135,0.5046885922092105,-0.41986757762045307,-0.21500858626536057,-0.21110110489252132,0.6899328755705222,-0.4399729600809793,-0.2735461528833505,-0.10419216593425934,-0.3378104922801441,-0.6678124341841288,-0.0024360672413427653,0.3275827080294731,0.6218432891329239,0.38573616021068496,-0.5463657901126131,0.03605535483279612,1.0,-0.09372874205671777,0.41314636362167,-0.12709877961986732,-0.12280203889952564,-0.045478866936778085,0.48544873235803127,0.11004276790353745,-0.33920393943723376,0.5531056036614937,0.37293946417151996,-0.4399729600809793,0.26940620828109957,-0.00206595513028777,-0.5620710490187951,-0.4977054687859424,-0.014176410876744138,0.11884469582121814,-0.6199014636750962,0.17524056337067184,-0.3783318226953821,0.26428571401325274,0.24264171357032116,-0.23943559128195935
advcl:cmpr,0.223314768884229,-0.40232425535725286,-0.1883576227558307,-0.598021384066882,-0.556416406556199,0.6526062398579292,0.16617548757501993,0.410362673928859,-0.02477986633291405,0.36994222850756303,0.12336261937884585,0.4927399727156697,-0.35030593512210445,0.23581176097002907,-0.5235491944407522,0.10217297051686552,-0.21551857782060665,-0.21551857782060674,0.7650862476713203,0.3270053594410585,-0.35609593390457017,0.19426549349573125,0.483477593694592,0.08851745267660609,-0.31036648445912873,0.03313264446882859,0.5737435422451426,0.2924148995653009,-0.09372874205671777,1.0,0.43018876637298725,-0.40260158177603866,-0.016552586712073027,0.054027072033342644,-0.39955087227431935,0.8847296972229667,-0.20059348248043257,-0.14440699112628047,0.5266632814019807,-0.21551857782060674,0.42212333788838113,-0.12304782773098323,0.04033945594020201,-0.6303364923315548,-0.23677538393362724,-0.1036232830053061,-0.2762071761486873,0.30426847361043013,-0.07753344113329907,-0.7620439411091257,-0.3226613902146794,-0.40511957270725585
cc,0.04751208197757578,0.10510656027366864,-0.23570046892009347,-0.14433472123214117,0.22835915382121766,0.9494184589868454,-0.2014286181190565,0.24453668347332544,-0.49934050767389915,0.5175605499174255,-0.21831904949185377,-0.05246012060889828,0.6469778128052792,-0.4713172456613008,-0.0711165219956933,-0.542311746427934,-0.1262685425412446,-0.2095560533979778,0.1998945188890127,-0.14836860953816486,-0.06318976217847182,-0.022786575033910194,0.4997033542543957,-0.34246649692536557,-0.40790755678864243,-0.0787385043928599,-0.0025641570763614216,-0.12493952206167458,0.41314636362167,0.43018876637298725,1.0,-0.6340994830527718,-0.31454938988662423,0.06886987644465883,0.015621135870204573,0.7465366397213651,-0.4997570676087279,0.6804145014318168,0.7920345153522317,-0.2095560533979778,0.3759230319098029,-0.16647417073876647,-0.3855789031253881,-0.6380959308573703,0.24181750696661028,0.0029740630667803927,-0.3857164660481399,0.2966227940313355,-0.8293813866874271,-0.22495187705189792,0.5610051569705254,0.03251613112472152
nsubj:pass,0.2984188445676567,-0.29099869040423487,0.7186766630157169,-0.0789729922353394,0.4300103524893051,-0.705322653129729,0.08687047772273544,-0.3019944595393967,0.015924949328335783,0.20593750011530954,0.40443183937619964,-0.152565415871517,-0.35511918155273275,0.27848565339357767,-0.23380444284061183,0.8383689613728864,-0.14329473302835127,-0.14483328059355452,-0.42127897764958083,-0.5760352666999369,-0.23872397622587638,-0.2360230630122208,-0.5978964490656632,-0.05017577374496083,0.27520795644459434,-0.26744472013371373,0.09822780988325784,-0.1510661835943034,-0.12709877961986732,-0.40260158177603866,-0.6340994830527718,1.0,0.5395215344064573,0.23899155473623174,0.3569874763215355,-0.5428866348462886,0.16425326723818717,-0.2446007994112825,-0.5447699481812117,-0.14483328059355452,0.28351858936203556,0.3819957651288096,0.5279357238286267,0.49471083456694853,0.43877890129130037,-0.41322694093375345,0.22247779597979406,-0.26165906235385333,0.5606046563002777,0.19398066218044904,-0.037114015043075974,-0.2619352095185257
discourse,0.01786647696205848,-0.2637394778330833,0.35021698418385877,0.18929676967316672,0.1992486218532573,-0.3891951829309818,-0.07373597306324361,-0.7433126187747647,-0.3831617782062858,0.5154319738084576,-0.00430753177471401,0.12729123179005986,-0.12096183205349341,0.7220138108609014,-0.09010021249083719,0.6351208917862232,-0.11566094651623529,-0.11632824370314121,0.350491390472276,-0.26947392490788796,-0.17532584864509224,-0.37750278696989675,-0.84631887532927,-0.14554126637778703,0.2396410190574188,-0.7021988319886706,-0.13219404877005936,0.08069320382545353,-0.12280203889952564,-0.016552586712073027,-0.31454938988662423,0.5395215344064573,1.0,-0.0978718907364796,0.21496607482115357,-0.02377025818276089,0.02818093547017468,0.02069864073886885,-0.043454764449744165,-0.11632824370314121,0.5174325315150764,0.7380396054772292,0.3236532925286996,0.5860933006231693,0.03809662041170763,-0.4234376980815865,-0.19640800973792125,-0.03215426153424225,0.6755487703089375,0.13221433978517286,0.09422770967234102,-0.25023048121432395
csubj:pass,0.8870746019757341,-0.6342764630225548,0.36916154979074983,0.16549294541009585,0.3285545860416247,0.037703709217147774,0.24912161477633457,0.09159721501753572,0.016094649857319603,0.24206299997061867,0.2729709691792786,-0.7618327815705923,-0.12498912064458946,-0.533703857755218,0.21774895187151375,0.0887633280196707,-0.11137336622241033,0.48471862188315085,-0.3350056993790392,-0.6016677800891641,-0.723153026107892,0.5089255922203604,0.10462333277609528,0.0037322001930395333,-0.13256355658106192,-0.1704297494458285,0.637796857655102,0.4326816723261906,-0.045478866936778085,0.054027072033342644,0.06886987644465883,0.23899155473623174,-0.0978718907364796,1.0,-0.4713366608804841,-0.06579729293113847,-0.7345363885379778,-0.26605663990356676,0.3808021230947204,0.48471862188315085,0.29914707783891953,0.06509932834667799,0.03341571407223649,-0.11059237221693476,0.6021761289283802,-0.7431741587279941,-0.23156795851428072,0.49396343519612723,0.02353887616575731,0.3195429264467322,-0.020040142356157323,-0.6715606033434877
acl,-0.24424389633261784,0.23486126916517228,-0.014326781413347697,-0.1777717357667979,0.4576101173595694,-0.14536702345205957,0.046008854735641334,-0.020950628574557758,-0.560554232557883,0.28985194029611044,0.17298749590726717,0.17275870224566175,0.3170481490254886,0.10061809525478797,-0.27708448437060046,0.27063898438399464,0.24201199543472848,-0.7924473736191566,-0.27220128612444733,-0.22210037686469844,0.21148162510235596,-0.6820578881528553,-0.3931618554099165,0.004844595210524382,0.3516363234482087,-0.018624962396940687,-0.6524624174153814,-0.4207062862400053,0.48544873235803127,-0.39955087227431935,0.015621135870204573,0.3569874763215355,0.21496607482115357,-0.4713366608804841,1.0,-0.22231607796399633,0.44525028897573965,0.43736143702178315,-0.3676313426427866,-0.7924473736191566,0.2922887225083832,0.3541255228441637,-0.19727449094634306,0.06362319957014308,0.06677858416792169,0.12089820104036443,-0.1032481481639699,-0.6724389347556959,-0.18880933528656552,0.04180761826344517,0.5164212875960074,0.24792913816171658
expl:pass,0.022236562240920372,-0.13078561123813237,-0.1612312094840655,-0.4778732007964004,-0.2574468083189254,0.8684924865501814,-0.11205949472009702,0.24941719807789778,-0.2593377534402656,0.5376932182371904,-0.1423993716180842,0.43867590925840005,0.10927753401892881,0.08700509580642689,-0.45848826145538113,-0.1420550875405313,-0.28103524970572713,-0.28103524970572713,0.6874114268992128,0.16449468863479247,-0.17035892436252187,-0.018039103070521537,0.48387338678329067,-0.21634405013453972,-0.4047164905331889,-0.08616643097915275,0.3106077538614002,0.010648182371549813,0.11004276790353745,0.8847296972229667,0.7465366397213651,-0.5428866348462886,-0.02377025818276089,-0.06579729293113847,-0.22231607796399633,1.0,-0.3260736918778441,0.32391958247154856,0.7125646123971138,-0.28103524970572713,0.46605166941504245,-0.16241506814331014,-0.026141642776529656,-0.6429805328766942,-0.058913964534956155,0.020900080791520552,-0.29700342889108994,0.3675605037578289,-0.38139696991182104,-0.664863203690887,0.05921414143536576,-0.16832261374680718
amod,-0.5912351721603203,0.4684265348624549,-0.1657575695371845,-0.3117239925604676,-0.39222369073319274,-0.4026243117740985,-0.09816178950283411,0.08739744211197464,0.3091743708064906,-0.42572795512065176,0.3402733812085575,0.6038829261356142,-0.35353624241435927,0.5459475783216937,-0.17356813039981026,0.274868406005053,-0.024900349696953844,-0.4234020060873866,0.10689248347606882,0.47556466831508354,0.6339086822423645,-0.11119912966482039,-0.1451917867479545,0.14515574724236346,0.039974070876297056,0.1682797072253267,-0.27892445623258033,-0.3082177488289602,-0.33920393943723376,-0.20059348248043257,-0.4997570676087279,0.16425326723818717,0.02818093547017468,-0.7345363885379778,0.44525028897573965,-0.3260736918778441,1.0,-0.28218438120760575,-0.8381034465630074,-0.4234020060873866,-0.34852644731655885,0.0455674543493957,0.1279687850438608,0.2912171613919523,-0.4773028858759262,0.4582137164549028,0.4774807039745372,-0.8512783516844218,0.20201108766906203,-0.34732623736984525,-0.15645414439791513,0.5487278209182851
nummod,-0.36816735532617606,0.45543903956079723,0.0672407490780138,0.11429414090926936,0.6105813648036421,0.48239793455027413,-0.4659846929946089,-0.2514193768118099,-0.5584602122265638,0.4380428834401083,-0.5606593492817632,-0.015937213293447935,0.9090452834393621,-0.2735758900411228,-0.0571621018526291,-0.4058408451939573,-0.07087735756260122,-0.2817512864962398,-0.1361780998888227,-0.33128638074724126,0.27582455729338107,-0.5820145048051555,0.017146550507460716,-0.5590891056220902,-0.08902794403807429,-0.16425372902171112,-0.545191741069385,-0.5853255513265448,0.5531056036614937,-0.14440699112628047,0.6804145014318168,-0.2446007994112825,0.02069864073886885,-0.26605663990356676,0.43736143702178315,0.32391958247154856,-0.28218438120760575,1.0,0.4197034775323395,-0.2817512864962398,0.19868384646515735,-0.09785249664294664,-0.12361066609594347,-0.15118787289860483,0.35030283449481503,0.27189743787880993,-0.11766582305351787,0.16490749583434638,-0.6171450291200907,0.11475732021644065,0.7298776537644974,0.3831375644892557
