,len,PUNCT,AUX,X,ADV,PART,CCONJ,NOUN,SCONJ,VERB,ADP,PROPN,PRON,NUM,ADJ,advmod:emph,obl:arg,aux,flat,conj:expl,nsubj,root,advcl,mark,det,advcl:pred,csubj,xcomp,obl,nmod,cc,nsubj:pass,discourse,csubj:pass,acl,expl:pass,amod,nummod,conj,case,xcomp:pred,aux:pass,advmod:neg,cop,obj,ccomp,fixed,acl:relcl,advmod,orphan,punct
len,1.0,-0.864349688775949,0.15928959182286315,0.09392764902714547,-0.19787744981127908,-0.2015845646843625,0.2963205087780758,0.02638017349910804,0.2062690476451167,0.03966038615117542,0.35723492574149807,0.08931132388551191,-0.007145663891056798,-0.18719281000293572,-0.020711796737056275,0.04449275531248177,0.0958310237593222,-0.03278094381613439,-0.26781270141937313,-0.03278094381613439,-0.3564184726643529,-0.9745374860305943,-0.1357076923177957,0.190463489453009,0.662574834937853,-0.06624482396177157,0.250439660915551,0.3455750692181917,0.3727413219928586,-0.29200730766084626,0.27440040661468035,-0.10998028405417411,0.5372085139676139,0.08942184914004134,0.11621580039189983,-0.04269503380725529,0.08732313804145442,-0.020999466256497273,0.34050744078398376,0.4246732838010719,-0.11526273437384625,-0.32518079321395604,0.36781513003296507,0.37375529553653825,-0.33376064800026195,0.10321466514366467,0.23132377997357967,0.4149294645460826,-0.19102541420079996,-0.09294070401255058,-0.7320272458210414
PUNCT,-0.864349688775949,1.0,-0.12196483066396047,0.2398590312881877,0.06845856158922792,-0.14520764152343554,-0.2979207459999951,0.3972102331006062,-0.23559543384275403,-0.41852507043430237,-0.2424165224574835,0.33158638435548937,-0.4124357796834847,0.5016763411998854,0.23226714345619975,-0.3181242195517404,-0.5306820511827411,0.03322697042508926,0.5197715044678671,0.03322697042508926,0.0758408864746146,0.9336551823103701,0.27557281672548645,-0.1587836767521487,-0.7971990999585706,-0.05801303382264779,0.15430518589906753,-0.6406286915801526,0.009922671082624226,0.522858174268667,-0.31210146438669645,0.17319728830807282,-0.30522025943535996,-0.4902844067368328,-0.3637444881429811,0.2116033772701392,0.2219118855276928,0.4008896618758325,-0.34802077069553383,-0.2908716990781651,0.09388948166037385,0.5367552852098547,-0.6761463591469773,-0.3191402070236364,-0.08576471023686372,-0.33672536547398413,0.046726858828149614,-0.43965825529382047,-0.03930681686310109,0.4023727351412479,0.944397016112865
AUX,0.15928959182286315,-0.12196483066396047,1.0,0.055086877658980994,-0.4247816000237893,0.2966799997415925,-0.16678213112859053,0.05900768992047512,-0.4108244981139733,-0.21057297093228775,-0.14471937393691447,-0.31497675815435167,0.08192634221009869,-0.5344857089422818,0.5665335103234094,-0.22557080746692026,0.2219372959479512,-0.37555600281623647,0.3917860046690449,-0.37555600281623647,-0.06440725340234439,-0.0835632676089734,-0.6717535858272219,-0.4684331816210005,0.3169852161097878,-0.4392729674710309,0.043700368684848896,-0.42191514088662274,0.22247271365062135,0.016688841297736696,-0.21964782551255327,0.8602799493840197,-0.09747558413206384,0.3661808137731307,0.7258123212795399,0.911655897780604,0.5290468293939399,-0.547160841553806,-0.06029692140094933,-0.10957057523963204,-0.2513229125625696,0.6625553346128573,0.26950826497130603,0.6948569340838051,-0.2519676120073159,-0.3979198285615644,0.2644566867671569,0.1692537389847797,-0.0230225629804983,-0.22794511571165205,-0.15648250669535832
X,0.09392764902714547,0.2398590312881877,0.055086877658980994,1.0,-0.647410216629534,-0.28557115060956173,-0.6918020379321057,0.7502401258207915,-0.6901776346657976,-0.9217105840336351,0.699996024812155,0.6000272238234089,-0.441265795236778,0.7286068298252625,0.6952502923402408,-0.06444930138059807,-0.32840536431559747,-0.3985999882478877,0.0920441872730142,-0.3985999882478877,-0.07434625741416602,-0.006268033425882399,-0.2060627007926546,-0.5833710904835242,0.18822471924892367,-0.3985999882478876,0.838089578552698,-0.38814018945774387,0.9101335931270998,0.668881227931219,-0.7020564748666592,0.3857752585527306,0.49485099323909537,-0.5340027099753991,-0.2760284627970186,0.16033899338122698,0.6575250820140115,0.3870467069257391,-0.7211251093628034,0.6846876165525252,0.388163631907547,0.059041827133923586,-0.6356465872834745,0.5530827623576291,-0.8229934298288679,-0.30080348916794736,0.8445809511001153,0.1469588012263148,-0.6551469657353555,0.34835347282397433,0.20230496784232613
ADV,-0.19787744981127908,0.06845856158922792,-0.4247816000237893,-0.647410216629534,1.0,0.10581610191944986,0.6291717167628671,-0.6436276734807569,0.7488686173895668,0.7273670824049613,-0.5471773012066907,-0.17026766489410533,0.3662876036980337,-0.27519485690011736,-0.8777562225503474,0.3622139297784144,0.012347262346152047,0.7548364095968036,0.3119503273557602,0.7548364095968036,0.38766503933554225,0.10360209219037776,0.34309681100395895,0.6385929948198806,-0.5628229490378678,-0.04142970223244862,-0.24455282522606459,-0.03478182492357269,-0.7368301824290076,-0.7212972194218804,0.6233980350285057,-0.4764617426637033,-0.6700447761783384,0.12419054725338637,-0.19242555013853338,-0.44363341318228133,-0.818160800788798,-0.0014911827998364815,0.6177201674244309,-0.4347757266660212,-0.6733491261600618,-0.16796214409237453,-0.0026139289422177528,-0.726844019824111,0.7457059451181723,0.41744599430368784,-0.8095829801820789,0.14280959472398605,0.6877892186074279,-0.3281769727390448,0.09721425651991907
PART,-0.2015845646843625,-0.14520764152343554,0.2966799997415925,-0.28557115060956173,0.10581610191944986,1.0,-0.39497280292480985,-0.6636349491571062,-0.10176754818249424,0.38568271481974137,-0.37416698017089656,-0.909313446472129,0.7880722415183351,-0.513007178725625,0.044265962533695316,0.5175877681913218,0.7827014253932597,0.26240351330202255,-0.09961359344872601,0.26240351330202255,0.6843672781294303,0.03879373790206529,-0.7481565089194825,-0.20424427574079793,0.30327453916680625,-0.40507498336977876,-0.41914915393298946,0.08953486005880427,-0.48866948606019683,-0.501381648586509,-0.40521791390421275,0.30328045463611036,-0.6762724533159055,0.8932503260279648,0.8220279669240035,0.06996879317283347,-0.1426886418687924,-0.8475233410807443,-0.30060050899581403,-0.3463294559533985,-0.0386259165906604,-0.1685209170587408,0.11878930098565296,0.20096994217886371,0.6005677545222592,-0.1314565975896611,-0.0329106136505345,0.5891227971570867,0.686906790196558,-0.4325668530847132,-0.205584227692482
CCONJ,0.2963205087780758,-0.2979207459999951,-0.16678213112859053,-0.6918020379321057,0.6291717167628671,-0.39497280292480985,1.0,-0.31017887542942674,0.8058341308191999,0.6195635716463634,-0.37838174297922217,0.07767469972248467,-0.05080637223769676,-0.40638766127011894,-0.7316493488984358,-0.16857399374761356,-0.21249666802625433,0.33994483359319727,0.13253415484791758,0.33994483359319727,-0.3364536562909194,-0.2681533915839042,0.5784551566025472,0.7428045662960004,-0.3015825240393113,0.3872708387899307,-0.297256113552449,0.19414344886595442,-0.4371951629374658,-0.495711018446258,0.9924484163584518,-0.5088730769490064,-0.04230637202235317,-0.07039373985794337,-0.2455992539672175,-0.170242024643442,-0.5396518896554221,0.17801819342951147,0.9889477819412336,-0.31377459819774295,-0.5785877881654872,0.030685955668004056,0.47407460599212903,-0.5521520128834816,0.3190165639649564,0.3854703391067803,-0.7323744586585247,-0.24723940819096804,0.22797257905695256,-0.14314106314172848,-0.18729982642159076
NOUN,0.02638017349910804,0.3972102331006062,0.05900768992047512,0.7502401258207915,-0.6436276734807569,-0.6636349491571062,-0.31017887542942674,1.0,-0.4007495982803004,-0.9103865640787169,0.3930841515807241,0.7789883861959565,-0.9096549838728493,0.7424306451963488,0.6823079234689124,-0.6850185960202757,-0.759939131093155,-0.4069855044932651,0.1417401752132517,-0.4069855044932651,-0.6499052426570177,0.16177835823932973,0.27829757816177325,-0.223984827623466,-0.13185606715663928,0.08979259776570062,0.5749324193346245,-0.35797376367267913,0.816783421432712,0.8674205973787236,-0.33870815481387123,0.17237034620268682,0.6736086508296161,-0.7900843606371927,-0.4616135853661715,0.35168717635532815,0.7925216931983126,0.7119824462532564,-0.35174991036654785,0.31353384252565286,0.45949456436780367,0.40267128117828904,-0.5000764318059342,0.2110526063119161,-0.9154484964745963,-0.5124951364446324,0.6993593050521897,-0.40185584731672924,-0.7289544823598353,0.7499320199002029,0.4738801917290708
SCONJ,0.2062690476451167,-0.23559543384275403,-0.4108244981139733,-0.6901776346657976,0.7488686173895668,-0.10176754818249424,0.8058341308191999,-0.4007495982803004,1.0,0.6752827475988494,-0.5992403819771648,-0.11380676233881401,0.020126360829678717,-0.22577428386399373,-0.7299840251313622,-0.08328731050030076,-0.19058908249493423,0.7822911191047455,0.004112797941029616,0.7822911191047455,-0.20556306342356995,-0.24016647291542373,0.5431068381076579,0.9769262771610343,-0.35541788380442524,0.3244279783579096,-0.39362625318076505,0.29332779569587086,-0.6074302491448581,-0.6414461810744763,0.7725520642212782,-0.7390510543852178,-0.23967656076304902,0.07830677444150294,-0.17200715084526755,-0.3836072751181897,-0.535946637480262,0.20057115174161222,0.818598478868451,-0.5433202878268498,-0.37164222767701816,-0.2151958523965785,0.16847191095922598,-0.7758334591694481,0.5073660943241252,0.1109186193649474,-0.580776834199872,0.02240333271831423,0.5973250984416809,0.10319520306917755,-0.020261770260476642
VERB,0.03966038615117542,-0.41852507043430237,-0.21057297093228775,-0.9217105840336351,0.7273670824049613,0.38568271481974137,0.6195635716463634,-0.9103865640787169,0.6752827475988494,1.0,-0.49915507096192085,-0.6325122451738818,0.6708678793818477,-0.7039956492312555,-0.8313566932179485,0.41561207583473236,0.5218467374684853,0.4670060848456109,-0.21332220032468927,0.4670060848456109,0.3205143946819003,-0.18762387425379817,0.08768302570669917,0.5350745313820451,-0.01488884515398812,0.24843957530314714,-0.7137135242112121,0.502457606375123,-0.8902174685842319,-0.8332910761414041,0.6470316283861831,-0.45907192248349804,-0.5109278656387536,0.6174554513162175,0.2542956875837295,-0.4232897741249686,-0.8426375903677538,-0.46483862347592914,0.641085391054592,-0.44742740965898603,-0.42793473119964454,-0.3788097764581679,0.6089798046332776,-0.4809250116480756,0.8998559333566647,0.5206932437182425,-0.8417537954428689,0.12588918565304896,0.6836717346413516,-0.5457637123378444,-0.41700799671389877
ADP,0.35723492574149807,-0.2424165224574835,-0.14471937393691447,0.699996024812155,-0.5471773012066907,-0.37416698017089656,-0.37838174297922217,0.3930841515807241,-0.5992403819771648,-0.49915507096192085,1.0,0.49948392226418525,-0.10901764447166669,0.42955197086734764,0.2553446251087026,0.2648588223962333,0.053936568631649376,-0.6461252428834312,-0.35831831592517815,-0.6461252428834312,-0.005806488785875252,-0.3384788818990803,-0.10388071854001305,-0.5659319010568328,0.524098722743565,-0.0573186920686537,0.5928002852309391,0.1600179864751997,0.7362405463027034,0.4574045914345144,-0.3141191755470364,0.11232628313596338,0.6970227818134397,-0.36801282130876856,-0.3436805451356154,-0.24467071088052217,0.16683888148228354,0.200954780294986,-0.45058782159190647,0.9790105819233302,0.33606415317796484,-0.3792993585994891,-0.04169749181102343,0.5602089547704059,-0.5934667423066251,0.3718618501730639,0.44402011406365677,0.042226792595736674,-0.8160976441824355,-0.10613546280959207,-0.3835164009501594
PROPN,0.08931132388551191,0.33158638435548937,-0.31497675815435167,0.6000272238234089,-0.17026766489410533,-0.909313446472129,0.07767469972248467,0.7789883861959565,-0.11380676233881401,-0.6325122451738818,0.49948392226418525,1.0,-0.7847414583410657,0.7482842042478391,0.1315715912610087,-0.374372673986487,-0.8165457809899371,-0.22354328405235033,0.23914935948712668,-0.22354328405235033,-0.4718683378371401,0.06501089117438368,0.5799011626568689,0.0008279061053525571,-0.3367070851155421,0.09607816406118572,0.7094670148037977,-0.3269145074595495,0.6715339924776046,0.6019829654406323,0.07772319643489009,-0.1394834773689729,0.5954697463476099,-0.9773901884577804,-0.8554790083166169,-0.06248059266527696,0.2711626617847103,0.8897055371861283,-0.01734465784940572,0.4928339036858215,0.07765545544737333,0.16224827754153984,-0.4744044608596195,-0.07239247440092096,-0.7177173266900018,0.01901083077262206,0.2708129583390471,-0.3821713920156235,-0.7077492132487113,0.47068500549465897,0.362494423305815
PRON,-0.007145663891056798,-0.4124357796834847,0.08192634221009869,-0.441265795236778,0.3662876036980337,0.7880722415183351,-0.05080637223769676,-0.9096549838728493,0.020126360829678717,0.6708678793818477,-0.10901764447166669,-0.7847414583410657,1.0,-0.661999709643311,-0.4144714615874609,0.8483428876107977,0.9228711547260839,0.16998641695066458,-0.18535000798592058,0.16998641695066458,0.8189109398911404,-0.19205243314384932,-0.5883857140815818,-0.15936659832727817,0.3759977942364841,-0.3201525632667523,-0.36568318031357266,0.282119751984133,-0.5612690477439811,-0.7160543283070434,-0.01195880672559554,0.10716115798337712,-0.5962852615286763,0.8355278288786758,0.5805651197364613,-0.271769675719309,-0.6136154064126017,-0.8484065358937007,-0.0043957195990757935,-0.031287191314836815,-0.33057352347738334,-0.44274960417275017,0.41113748873412304,0.14907554253910596,0.7378295192147968,0.4906652583054092,-0.42197671743487625,0.5692333927443071,0.5499813383926693,-0.8481365225324776,-0.5661219459659321
NUM,-0.18719281000293572,0.5016763411998854,-0.5344857089422818,0.7286068298252625,-0.27519485690011736,-0.513007178725625,-0.40638766127011894,0.7424306451963488,-0.22577428386399373,-0.7039956492312555,0.42955197086734764,0.7482842042478391,-0.661999709643311,1.0,0.31535578993332825,-0.24052066398513264,-0.6561822486673845,-0.03423692314326587,-0.040431607570986565,-0.03423692314326587,-0.23874511534763684,0.2628578543288111,0.41998022240107113,-0.05713079322885487,-0.2874070191741759,0.07892543640849924,0.5643258070319994,-0.17826573567316126,0.5635172292573711,0.6781888065246147,-0.40455820078406546,-0.23516818939317582,0.442574947557685,-0.787400582493814,-0.7223789832658316,-0.26049082954387526,0.368132191698507,0.8116124644476588,-0.4926292661599432,0.363040146495887,0.5330883298893433,-0.10530204632979523,-0.7815414650844477,-0.14703599835066464,-0.565484180267203,-0.2525485605001919,0.5398340863209659,-0.21077033209532173,-0.48478421149358286,0.696830486213923,0.5533548692442678
ADJ,-0.020711796737056275,0.23226714345619975,0.5665335103234094,0.6952502923402408,-0.8777562225503474,0.044265962533695316,-0.7316493488984358,0.6823079234689124,-0.7299840251313622,-0.8313566932179485,0.2553446251087026,0.1315715912610087,-0.4144714615874609,0.31535578993332825,1.0,-0.43719436089105007,-0.15830422523855123,-0.5064523376850802,0.07422917272634637,-0.5064523376850802,-0.2739730917741385,0.13253600309746502,-0.447231299102062,-0.6182096953869747,0.28451673663747756,-0.2566704812663557,0.3468668769196661,-0.3587027121042539,0.689835446734807,0.680818520394558,-0.7715839031932703,0.6662401856010692,0.35213041367124553,-0.1270288460243189,0.28843783990670824,0.6764048962012023,0.9565714960011582,0.0037457175054541147,-0.6873951489194003,0.17870989552539893,0.51131583264645,0.45190117391764945,-0.31934475708346677,0.6674637440558855,-0.7159907015451723,-0.7252750026022968,0.8804824188163735,-0.009072733814881728,-0.4400587818953919,0.43629784604874294,0.24107391137953935
advmod:emph,0.04449275531248177,-0.3181242195517404,-0.22557080746692026,-0.06444930138059807,0.3622139297784144,0.5175877681913218,-0.16857399374761356,-0.6850185960202757,-0.08328731050030076,0.41561207583473236,0.2648588223962333,-0.374372673986487,0.8483428876107977,-0.24052066398513264,-0.43719436089105007,1.0,0.7142463775612,0.1605448581082089,-0.16163014282846488,0.1605448581082089,0.88144795607106,-0.23387605400126468,-0.44669987331843025,-0.23225154789316133,0.3192854125834065,-0.4410060672581377,0.06835010962734397,0.18752752302081305,-0.2558302370604238,-0.5513094408879321,-0.11586776161450152,-0.003168789429329896,-0.40369823805066185,0.4619477259759465,0.17217449877983512,-0.5359662896943574,-0.6322103263958648,-0.5075978398602825,-0.17354819228447793,0.36499591925627944,-0.2857337647418076,-0.6397190635773587,0.07627985256624972,0.15459225357176493,0.5015386004045493,0.6392605587895568,-0.2643207661844761,0.6424371302939841,0.2901598055604183,-0.7696460198403055,-0.4960766127464073
obl:arg,0.0958310237593222,-0.5306820511827411,0.2219372959479512,-0.32840536431559747,0.012347262346152047,0.7827014253932597,-0.21249666802625433,-0.759939131093155,-0.19058908249493423,0.5218467374684853,0.053936568631649376,-0.8165457809899371,0.9228711547260839,-0.6561822486673845,-0.15830422523855123,0.7142463775612,1.0,-0.11642994983487776,-0.4183831329582067,-0.11642994983487776,0.6458616069174395,-0.27476624998044,-0.6912220882158906,-0.33592267534119313,0.6414479769695902,-0.18424123861170658,-0.42392949156049975,0.439662247349825,-0.38833634714878174,-0.5062790255229499,-0.16290464169346358,0.20710992937634298,-0.33669298546704685,0.8807198949951154,0.7019966546186461,-0.15447703826358158,-0.3808141790293655,-0.9122045955319479,-0.16024136194226574,0.07633767866518723,-0.049438471193297424,-0.4429807947772786,0.5559279541194815,0.37666576805424024,0.5500487709107699,0.3887838898912537,-0.20349974895424766,0.47275833708373655,0.33307306157532535,-0.7610079428224272,-0.6906941356662586
aux,-0.03278094381613439,0.03322697042508926,-0.37555600281623647,-0.3985999882478877,0.7548364095968036,0.26240351330202255,0.33994483359319727,-0.4069855044932651,0.7822911191047455,0.4670060848456109,-0.6461252428834312,-0.22354328405235033,0.16998641695066458,-0.03423692314326587,-0.5064523376850802,0.1605448581082089,-0.11642994983487776,1.0,0.2220518488122229,1.0,0.20299876257740113,-0.04515899988591258,0.19534312279012422,0.758377151294488,-0.4243042503507845,-0.16666666666666666,-0.15144436451162682,-0.03650328056422267,-0.5458170559080427,-0.6574750849483411,0.27892363881944665,-0.49019598789978924,-0.5704059106332092,0.17335002758840468,-0.022692939676689814,-0.3332878482324886,-0.3946217123804727,0.09152887123990158,0.3805862019543444,-0.5544362762536778,-0.3535462273790037,-0.2103588961356353,-0.3181912331868515,-0.6540181999794968,0.5346698926929351,-0.14828751938458987,-0.30094634021533306,0.42015592370130556,0.8218374437528089,0.12297705974736023,0.22779411444674882
flat,-0.26781270141937313,0.5197715044678671,0.3917860046690449,0.0920441872730142,0.3119503273557602,-0.09961359344872601,0.13253415484791758,0.1417401752132517,0.004112797941029616,-0.21332220032468927,-0.35831831592517815,0.23914935948712668,-0.18535000798592058,-0.040431607570986565,0.07422917272634637,-0.16163014282846488,-0.4183831329582067,0.2220518488122229,1.0,0.2220518488122229,0.12116697267262251,0.36396236864996756,-0.05862641688705698,-0.04334968243776487,-0.6053436716787829,-0.601435747716857,0.4302337198884661,-0.9375069542870945,0.07203585669519953,-0.05404526484272329,0.059887625354730856,0.4842122585763171,-0.4661422174723822,-0.26222282216762544,-0.03880068951859699,0.5513125861362754,0.1448117203563536,0.11237164758809458,0.1645859511249928,-0.2375524419887245,-0.6928189865749581,0.7437100826443395,-0.4296204898907148,-0.012821043269629294,-0.1102784934096838,-0.2468986221029565,-0.09174962414450669,0.08323723939166139,0.17382099167900716,-0.046949119885124235,0.516228528288702
conj:expl,-0.03278094381613439,0.03322697042508926,-0.37555600281623647,-0.3985999882478877,0.7548364095968036,0.26240351330202255,0.33994483359319727,-0.4069855044932651,0.7822911191047455,0.4670060848456109,-0.6461252428834312,-0.22354328405235033,0.16998641695066458,-0.03423692314326587,-0.5064523376850802,0.1605448581082089,-0.11642994983487776,1.0,0.2220518488122229,1.0,0.20299876257740113,-0.04515899988591258,0.19534312279012422,0.758377151294488,-0.4243042503507845,-0.16666666666666666,-0.15144436451162682,-0.03650328056422267,-0.5458170559080427,-0.6574750849483411,0.27892363881944665,-0.49019598789978924,-0.5704059106332092,0.17335002758840468,-0.022692939676689814,-0.3332878482324886,-0.3946217123804727,0.09152887123990158,0.3805862019543444,-0.5544362762536778,-0.3535462273790037,-0.2103588961356353,-0.3181912331868515,-0.6540181999794968,0.5346698926929351,-0.14828751938458987,-0.30094634021533306,0.42015592370130556,0.8218374437528089,0.12297705974736023,0.22779411444674882
nsubj,-0.3564184726643529,0.0758408864746146,-0.06440725340234439,-0.07434625741416602,0.38766503933554225,0.6843672781294303,-0.3364536562909194,-0.6499052426570177,-0.20556306342356995,0.3205143946819003,-0.005806488785875252,-0.4718683378371401,0.8189109398911404,-0.23874511534763684,-0.2739730917741385,0.88144795607106,0.6458616069174395,0.20299876257740113,0.12116697267262251,0.20299876257740113,1.0,0.18127915200238312,-0.5322768183633922,-0.35009391032249726,0.03731363845657437,-0.5703445637556692,0.006406409359074385,-0.13218425493219124,-0.36531579934560066,-0.44437985103201305,-0.3034166224387449,0.2326271103211386,-0.7053966378103153,0.48568086891709866,0.2885310279397858,-0.2757082901888624,-0.4999780070118716,-0.574959799727835,-0.3261032305412721,0.08277524211383896,-0.3158261440194676,-0.3051964184246428,-0.12435543087766929,0.1053654299807381,0.576348174836438,0.39240934552456713,-0.2594402097904689,0.5540797916651988,0.442397730462492,-0.6960730993440104,-0.12903301547817778
root,-0.9745374860305943,0.9336551823103701,-0.0835632676089734,-0.006268033425882399,0.10360209219037776,0.03879373790206529,-0.2681533915839042,0.16177835823932973,-0.24016647291542373,-0.18762387425379817,-0.3384788818990803,0.06501089117438368,-0.19205243314384932,0.2628578543288111,0.13253600309746502,-0.23387605400126468,-0.27476624998044,-0.04515899988591258,0.36396236864996756,-0.04515899988591258,0.18127915200238312,1.0,0.2108025225451551,-0.19806727176877956,-0.7230270352142409,0.08913365074235109,-0.15621881555751468,-0.4549760797023847,-0.23454855029828955,0.43227514689738944,-0.25779053895270665,0.16773830522207944,-0.4211768416961118,-0.24560818544737922,-0.18982569155063284,0.18117849542041808,0.06555232399165183,0.15392010536385234,-0.3148515632069614,-0.41315656432681486,0.12284506557278077,0.48680257403060917,-0.413881960043172,-0.34329655133771797,0.1568795931982438,-0.20708965873094584,-0.14858852264832345,-0.5266127391323387,0.062054149575670736,0.22215146633119368,0.824247318552648
advcl,-0.1357076923177957,0.27557281672548645,-0.6717535858272219,-0.2060627007926546,0.34309681100395895,-0.7481565089194825,0.5784551566025472,0.27829757816177325,0.5431068381076579,0.08768302570669917,-0.10388071854001305,0.5799011626568689,-0.5883857140815818,0.41998022240107113,-0.447231299102062,-0.44669987331843025,-0.6912220882158906,0.19534312279012422,-0.05862641688705698,0.19534312279012422,-0.5322768183633922,0.2108025225451551,1.0,0.6386159254931902,-0.6100293174526312,0.7003109738158708,-0.102872789783505,0.17334360633995538,-0.1327807061544733,0.21284433470629072,0.5971561900382166,-0.7483685983936276,0.2849545703785288,-0.6682783671981599,-0.8237832343781382,-0.410969734451352,-0.2562006775240273,0.8001363265563587,0.47803702255357367,-0.16110247883197257,0.08083617226933773,-0.03635351057386763,-0.09306293812699544,-0.7831681249338057,-0.02163003237180815,0.17090263828292865,-0.3671661040995552,-0.6815482829700074,-0.17739289385278717,0.48926368379733626,0.3870493567110567
mark,0.190463489453009,-0.1587836767521487,-0.4684331816210005,-0.5833710904835242,0.6385929948198806,-0.20424427574079793,0.7428045662960004,-0.223984827623466,0.9769262771610343,0.5350745313820451,-0.5659319010568328,0.0008279061053525571,-0.15936659832727817,-0.05713079322885487,-0.6182096953869747,-0.23225154789316133,-0.33592267534119313,0.758377151294488,-0.04334968243776487,0.758377151294488,-0.35009391032249726,-0.19806727176877956,0.6386159254931902,1.0,-0.3894854927022119,0.41249812909595546,-0.35554415591309146,0.2996279480825294,-0.5046282947916471,-0.4817455216506193,0.7048537777925276,-0.7911857413667303,-0.11187140973504196,-0.05238799173053149,-0.2658267050285572,-0.37526028151080715,-0.3984087150865929,0.3551125335544176,0.7466130659688075,-0.5393435112878879,-0.20977575838897738,-0.19435054376304053,0.06607850906408391,-0.8072958696127396,0.3765681822016817,-0.0171387881677967,-0.4480696741210386,-0.07093470753402177,0.5034840320971975,0.30840872782591094,0.09137639138418396
det,0.662574834937853,-0.7971990999585706,0.3169852161097878,0.18822471924892367,-0.5628229490378678,0.30327453916680625,-0.3015825240393113,-0.13185606715663928,-0.35541788380442524,-0.01488884515398812,0.524098722743565,-0.3367070851155421,0.3759977942364841,-0.2874070191741759,0.28451673663747756,0.3192854125834065,0.6414479769695902,-0.4243042503507845,-0.6053436716787829,-0.4243042503507845,0.03731363845657437,-0.7230270352142409,-0.6100293174526312,-0.3894854927022119,1.0,-0.0938835970974769,0.0015519947637687584,0.5145778889356575,0.3137491236877472,-0.09784141521573757,-0.2738654850562247,0.2189896426288178,0.42199461456689,0.48827409960441603,0.5123343777548078,-0.00263479545575404,0.1736364538315411,-0.5126322067579648,-0.25201465968360615,0.5124663089815858,0.2914320446328435,-0.44570051447259096,0.4861580562221147,0.7271492263789706,-0.1893345101146497,0.1186649360525679,0.3960961403654269,0.43643266880607656,-0.23873249792631313,-0.3217616747637051,-0.8378122364316735
advcl:pred,-0.06624482396177157,-0.05801303382264779,-0.4392729674710309,-0.3985999882478876,-0.04142970223244862,-0.40507498336977876,0.3872708387899307,0.08979259776570062,0.3244279783579096,0.24843957530314714,-0.0573186920686537,0.09607816406118572,-0.3201525632667523,0.07892543640849924,-0.2566704812663557,-0.4410060672581377,-0.18424123861170658,-0.16666666666666666,-0.601435747716857,-0.16666666666666666,-0.5703445637556692,0.08913365074235109,0.7003109738158708,0.41249812909595546,-0.0938835970974769,1.0,-0.5967205040524131,0.6657106455728002,-0.2614921691278949,0.2514932775241388,0.4425513066613981,-0.6513581678331698,0.4239447182650823,-0.18360906711955124,-0.349484996436545,-0.33328784823248847,-0.1702989106815161,0.3285770471253761,0.3164249493109007,-0.20684139575825172,0.4767048574130861,-0.18791053925013726,0.4266557474600755,-0.507302185774625,0.10320867484818662,0.16533687866783403,-0.300946340215333,-0.7672922624186144,-0.21423663384970143,0.35486161959639034,0.003859118592629661
csubj,0.250439660915551,0.15430518589906753,0.043700368684848896,0.838089578552698,-0.24455282522606459,-0.41914915393298946,-0.297256113552449,0.5749324193346245,-0.39362625318076505,-0.7137135242112121,0.5928002852309391,0.7094670148037977,-0.36568318031357266,0.5643258070319994,0.3468668769196661,0.06835010962734397,-0.42392949156049975,-0.15144436451162682,0.4302337198884661,-0.15144436451162682,0.006406409359074385,-0.15621881555751468,-0.102872789783505,-0.35554415591309146,0.0015519947637687584,-0.5967205040524131,1.0,-0.5799233848802434,0.8120303267737103,0.33205704029805677,-0.32575109200727154,0.3294302568606658,0.31960367738758083,-0.6021145013048486,-0.3977984916150868,0.11956234659479806,0.37744932351618415,0.4391883598771461,-0.3230576197469302,0.6787551961143328,-0.13866495618534055,0.1144186159132992,-0.6157021436339651,0.41860391698608723,-0.7113662277532729,-0.07386808091547524,0.5413813297492893,0.29732357174162694,-0.5036586831578032,0.1180121644662874,0.1328705705353773
xcomp,0.3455750692181917,-0.6406286915801526,-0.42191514088662274,-0.38814018945774387,-0.03478182492357269,0.08953486005880427,0.19414344886595442,-0.35797376367267913,0.29332779569587086,0.502457606375123,0.1600179864751997,-0.3269145074595495,0.282119751984133,-0.17826573567316126,-0.3587027121042539,0.18752752302081305,0.439662247349825,-0.03650328056422267,-0.9375069542870945,-0.03650328056422267,-0.13218425493219124,-0.4549760797023847,0.17334360633995538,0.2996279480825294,0.5145778889356575,0.6657106455728002,-0.5799233848802434,1.0,-0.3073374977909205,-0.21690268520446887,0.2612994630582235,-0.6329429350446739,0.3358002421815019,0.351412106410283,0.04875599781623615,-0.6130752443830015,-0.38230702677381123,-0.15660079498508167,0.1705647707841399,0.0738623980393402,0.44283588123750073,-0.7548789012222809,0.6031780320467077,-0.17598738301962488,0.3208636310599646,0.3821106961485809,-0.19798012473444385,-0.07728887834817497,0.01993731835955522,-0.07723462782119819,-0.6049993459858514
obl,0.3727413219928586,0.009922671082624226,0.22247271365062135,0.9101335931270998,-0.7368301824290076,-0.48866948606019683,-0.4371951629374658,0.816783421432712,-0.6074302491448581,-0.8902174685842319,0.7362405463027034,0.6715339924776046,-0.5612690477439811,0.5635172292573711,0.689835446734807,-0.2558302370604238,-0.38833634714878174,-0.5458170559080427,0.07203585669519953,-0.5458170559080427,-0.36531579934560066,-0.23454855029828955,-0.1327807061544733,-0.5046282947916471,0.3137491236877472,-0.2614921691278949,0.8120303267737103,-0.3073374977909205,1.0,0.6596373543249432,-0.45235431785271973,0.3926904164621256,0.7197072895765934,-0.5673328997864326,-0.2547116950224659,0.30358853018572973,0.7178284269795935,0.4067780729120099,-0.45728016892737605,0.7236341614851184,0.29985876263107497,0.16352643452682655,-0.3591096736438478,0.6405938072866554,-0.9640588125009235,-0.2618920867934159,0.8023349739005207,0.03068025534211239,-0.8038868082441477,0.3342879912277383,0.008043368823102571
nmod,-0.29200730766084626,0.522858174268667,0.016688841297736696,0.668881227931219,-0.7212972194218804,-0.501381648586509,-0.495711018446258,0.8674205973787236,-0.6414461810744763,-0.8332910761414041,0.4574045914345144,0.6019829654406323,-0.7160543283070434,0.6781888065246147,0.680818520394558,-0.5513094408879321,-0.5062790255229499,-0.6574750849483411,-0.05404526484272329,-0.6574750849483411,-0.44437985103201305,0.43227514689738944,0.21284433470629072,-0.4817455216506193,-0.09784141521573757,0.2514932775241388,0.33205704029805677,-0.21690268520446887,0.6596373543249432,1.0,-0.4757459924475825,0.2337041743002619,0.5907999951972792,-0.6555854885302772,-0.39561378504026995,0.2737905622653367,0.6743881919025609,0.5141719592896878,-0.5647506783411312,0.3197811080395388,0.6466176758965035,0.3430728168100866,-0.3571846492668562,0.23500038524972727,-0.7345886356763806,-0.33543286301953035,0.5753481770731642,-0.6028313797911615,-0.7889918906268115,0.5840634752139541,0.47006633998546976
cc,0.27440040661468035,-0.31210146438669645,-0.21964782551255327,-0.7020564748666592,0.6233980350285057,-0.40521791390421275,0.9924484163584518,-0.33870815481387123,0.7725520642212782,0.6470316283861831,-0.3141191755470364,0.07772319643489009,-0.01195880672559554,-0.40455820078406546,-0.7715839031932703,-0.11586776161450152,-0.16290464169346358,0.27892363881944665,0.059887625354730856,0.27892363881944665,-0.3034166224387449,-0.25779053895270665,0.5971561900382166,0.7048537777925276,-0.2738654850562247,0.4425513066613981,-0.32575109200727154,0.2612994630582235,-0.45235431785271973,-0.4757459924475825,1.0,-0.5392031791890414,-0.015880238859763897,-0.06951094654134768,-0.2785434387926922,-0.24023283767723694,-0.5996293782858322,0.16541296435870953,0.9687875454027949,-0.2589351795990929,-0.5437835645812547,-0.03253830934734304,0.5220461995647104,-0.5532599283019786,0.34576229355380095,0.4798676048409637,-0.7730994664929363,-0.28958554002076203,0.1813594398477798,-0.19298545380811397,-0.23015970804522995
nsubj:pass,-0.10998028405417411,0.17319728830807282,0.8602799493840197,0.3857752585527306,-0.4764617426637033,0.30328045463611036,-0.5088730769490064,0.17237034620268682,-0.7390510543852178,-0.45907192248349804,0.11232628313596338,-0.1394834773689729,0.10716115798337712,-0.23516818939317582,0.6662401856010692,-0.003168789429329896,0.20710992937634298,-0.49019598789978924,0.4842122585763171,-0.49019598789978924,0.2326271103211386,0.16773830522207944,-0.7483685983936276,-0.7911857413667303,0.2189896426288178,-0.6513581678331698,0.3294302568606658,-0.6329429350446739,0.3926904164621256,0.2337041743002619,-0.5392031791890414,1.0,-0.1555971101627165,0.18394658953575083,0.5408119929419187,0.8048852029407726,0.5388430982142415,-0.4644298830633868,-0.44151920270099976,0.14945234384123499,-0.17482397582410567,0.6153517799841798,-0.06406775244727037,0.7884911106915031,-0.3393811669029215,-0.307471894290392,0.3923829595098919,0.21003863028341574,-0.18285018174300294,-0.2781308242982068,0.02759535189416806
discourse,0.5372085139676139,-0.30522025943535996,-0.09747558413206384,0.49485099323909537,-0.6700447761783384,-0.6762724533159055,-0.04230637202235317,0.6736086508296161,-0.23967656076304902,-0.5109278656387536,0.6970227818134397,0.5954697463476099,-0.5962852615286763,0.442574947557685,0.35213041367124553,-0.40369823805066185,-0.33669298546704685,-0.5704059106332092,-0.4661422174723822,-0.5704059106332092,-0.7053966378103153,-0.4211768416961118,0.2849545703785288,-0.11187140973504196,0.42199461456689,0.4239447182650823,0.31960367738758083,0.3358002421815019,0.7197072895765934,0.5907999951972792,-0.015880238859763897,-0.1555971101627165,1.0,-0.5131914986540355,-0.3920965701545141,-0.04647391490128335,0.4408636659192715,0.49603170754911236,-0.09608153014460792,0.6076123317021221,0.5374734334516242,-0.15570086813091946,0.11598559437041255,0.30305806117472633,-0.7638871669548282,-0.012527134609527488,0.4983763686055265,-0.3314301155999499,-0.8385572773807167,0.4203750204448953,-0.24734970913680127
csubj:pass,0.08942184914004134,-0.4902844067368328,0.3661808137731307,-0.5340027099753991,0.12419054725338637,0.8932503260279648,-0.07039373985794337,-0.7900843606371927,0.07830677444150294,0.6174554513162175,-0.36801282130876856,-0.9773901884577804,0.8355278288786758,-0.787400582493814,-0.1270288460243189,0.4619477259759465,0.8807198949951154,0.17335002758840468,-0.26222282216762544,0.17335002758840468,0.48568086891709866,-0.24560818544737922,-0.6682783671981599,-0.05238799173053149,0.48827409960441603,-0.18360906711955124,-0.6021145013048486,0.351412106410283,-0.5673328997864326,-0.6555854885302772,-0.06951094654134768,0.18394658953575083,-0.5131914986540355,1.0,0.8844529082071845,0.05442853136945877,-0.2700196835981521,-0.9324917962305133,0.03047115631413705,-0.3385081288564223,-0.13315518759798506,-0.23184101284694705,0.53002470312387,0.20956742609798698,0.6460005525539639,0.05318182029051542,-0.22013087738726617,0.503934733588117,0.6424214561964902,-0.565653032241352,-0.527800686236044
acl,0.11621580039189983,-0.3637444881429811,0.7258123212795399,-0.2760284627970186,-0.19242555013853338,0.8220279669240035,-0.2455992539672175,-0.4616135853661715,-0.17200715084526755,0.2542956875837295,-0.3436805451356154,-0.8554790083166169,0.5805651197364613,-0.7223789832658316,0.28843783990670824,0.17217449877983512,0.7019966546186461,-0.022692939676689814,-0.03880068951859699,-0.022692939676689814,0.2885310279397858,-0.18982569155063284,-0.8237832343781382,-0.2658267050285572,0.5123343777548078,-0.349484996436545,-0.3977984916150868,0.04875599781623615,-0.2547116950224659,-0.39561378504026995,-0.2785434387926922,0.5408119929419187,-0.3920965701545141,0.8844529082071845,1.0,0.4882860874748118,0.16873227139941563,-0.8944191196239218,-0.11655213375922166,-0.321852773793183,-0.09019712462721716,0.14041337382858018,0.4057297424478007,0.4890225714848411,0.2924859989570299,-0.2906124410350614,0.10023588195868424,0.4694482933338989,0.46086250508461274,-0.3865831452890676,-0.3799352472133785
expl:pass,-0.04269503380725529,0.2116033772701392,0.911655897780604,0.16033899338122698,-0.44363341318228133,0.06996879317283347,-0.170242024643442,0.35168717635532815,-0.3836072751181897,-0.4232897741249686,-0.24467071088052217,-0.06248059266527696,-0.271769675719309,-0.26049082954387526,0.6764048962012023,-0.5359662896943574,-0.15447703826358158,-0.3332878482324886,0.5513125861362754,-0.3332878482324886,-0.2757082901888624,0.18117849542041808,-0.410969734451352,-0.37526028151080715,-0.00263479545575404,-0.33328784823248847,0.11956234659479806,-0.6130752443830015,0.30358853018572973,0.2737905622653367,-0.24023283767723694,0.8048852029407726,-0.04647391490128335,0.05442853136945877,0.4882860874748118,1.0,0.7030351041125903,-0.2214982938081028,-0.08487395304141328,-0.24077004776183392,-0.15309746434170168,0.884304781832725,0.010559478597577273,0.5038815964830586,-0.4081303029519214,-0.6179580569506984,0.3428206427362326,-0.08199290441878784,-0.10593444311294539,0.11320552809942257,0.22623740918367244
amod,0.08732313804145442,0.2219118855276928,0.5290468293939399,0.6575250820140115,-0.818160800788798,-0.1426886418687924,-0.5396518896554221,0.7925216931983126,-0.535946637480262,-0.8426375903677538,0.16683888148228354,0.2711626617847103,-0.6136154064126017,0.368132191698507,0.9565714960011582,-0.6322103263958648,-0.3808141790293655,-0.3946217123804727,0.1448117203563536,-0.3946217123804727,-0.4999780070118716,0.06555232399165183,-0.2562006775240273,-0.3984087150865929,0.1736364538315411,-0.1702989106815161,0.37744932351618415,-0.38230702677381123,0.7178284269795935,0.6743881919025609,-0.5996293782858322,0.5388430982142415,0.4408636659192715,-0.2700196835981521,0.16873227139941563,0.7030351041125903,1.0,0.1963267399975804,-0.4945363437024292,0.09649693536401809,0.4584723881623263,0.5256118195347326,-0.34660434007296087,0.5340696839441443,-0.798500856556267,-0.812622294702473,0.8685167148713125,-0.08173388998684712,-0.44105876404878464,0.606503260699905,0.3108626860729187
nummod,-0.020999466256497273,0.4008896618758325,-0.547160841553806,0.3870467069257391,-0.0014911827998364815,-0.8475233410807443,0.17801819342951147,0.7119824462532564,0.20057115174161222,-0.46483862347592914,0.200954780294986,0.8897055371861283,-0.8484065358937007,0.8116124644476588,0.0037457175054541147,-0.5075978398602825,-0.9122045955319479,0.09152887123990158,0.11237164758809458,0.09152887123990158,-0.574959799727835,0.15392010536385234,0.8001363265563587,0.3551125335544176,-0.5126322067579648,0.3285770471253761,0.4391883598771461,-0.15660079498508167,0.4067780729120099,0.5141719592896878,0.16541296435870953,-0.4644298830633868,0.49603170754911236,-0.9324917962305133,-0.8944191196239218,-0.2214982938081028,0.1963267399975804,1.0,0.08631951462745498,0.1606508317890513,0.22050882240719982,0.06484062360163066,-0.537437680205989,-0.4382790712170298,-0.5134449863845585,-0.13897250706567668,0.18688009029659589,-0.45682988324032187,-0.44422514579007044,0.7253323557927889,0.5340141626856987
conj,0.34050744078398376,-0.34802077069553383,-0.06029692140094933,-0.7211251093628034,0.6177201674244309,-0.30060050899581403,0.9889477819412336,-0.35174991036654785,0.818598478868451,0.641085391054592,-0.45058782159190647,-0.01734465784940572,-0.0043957195990757935,-0.4926292661599432,-0.6873951489194003,-0.17354819228447793,-0.16024136194226574,0.3805862019543444,0.1645859511249928,0.3805862019543444,-0.3261032305412721,-0.3148515632069614,0.47803702255357367,0.7466130659688075,-0.25201465968360615,0.3164249493109007,-0.3230576197469302,0.1705647707841399,-0.45728016892737605,-0.5647506783411312,0.9687875454027949,-0.44151920270099976,-0.09608153014460792,0.03047115631413705,-0.11655213375922166,-0.08487395304141328,-0.4945363437024292,0.08631951462745498,1.0,-0.37586651819485406,-0.6156468952704356,0.0705202377093995,0.4986118781473156,-0.4984247591082038,0.33790274544906135,0.30649277396304997,-0.7012686565602472,-0.1603298243108726,0.30926986860878514,-0.1620511056944642,-0.21957132799256487
