,len,PUNCT,AUX,X,ADV,PART,CCONJ,NOUN,SCONJ,VERB,ADP,PROPN,PRON,NUM,ADJ,advmod:emph,obl:arg,aux,flat,nsubj,root,advcl,mark,det,csubj,xcomp,obl,nmod,advcl:cmpr,cc,nsubj:pass,discourse,csubj:pass,acl,expl:pass,amod,nummod,conj,appos,case,xcomp:pred,aux:pass,advmod:neg,cop,obj,ccomp,fixed,acl:relcl,advmod,orphan,punct
len,1.0,-0.7595770570916744,-0.7347077728781136,0.05702774044843757,0.370852399058347,0.10129157775997763,-0.4302198017300073,-0.07060703123205507,0.43997970285089333,0.8109322454719722,0.46122322635318314,-0.2125783139465518,0.18364879254885835,-0.7053963919796031,-0.20254515221223388,0.01039701442941244,0.4453094388326796,0.7535864408467958,-0.03900871437952004,-0.7278786623945277,-0.8349992458245469,0.6528890983847017,0.23730446186314808,-0.317230082240631,0.37637538661724335,0.22921624854803466,0.7311910506380955,-0.5889064320047053,0.7535864408467958,-0.4162370326257373,-0.013206003056605898,-0.06803013113117957,-0.6095864932274752,0.4982481109885917,0.07709244987789571,-0.10937097533993491,-0.7240201344492329,-0.22976109551279145,-0.07271181241921039,0.5877480358319537,0.5971562396284202,0.0003960906257995281,0.021797328619578202,-0.7427137870048919,0.6892572241195749,0.18913944811389866,0.14752322950174016,0.05445012264295546,0.6260331600361074,-0.49852982979213023,-0.814233959333749
PUNCT,-0.7595770570916744,1.0,0.4616073266161452,-0.03677657571529101,-0.03943221911448058,0.07894491784620311,0.039546594597476246,0.0767511854006866,-0.6056664006908125,-0.7170472195400968,-0.4638541534552551,0.1628462393255056,-0.048564419932922306,0.7890916007512004,0.16865099952323145,-0.1121452047026177,0.15910334051165778,-0.8372632785596822,-0.008433393935687735,0.4666429840709752,0.8328024419232682,-0.2511927464773115,-0.5729433715046367,0.1571156670085429,-0.033721660710997574,-0.21938675617077685,-0.6936909848838294,0.7753128412618693,-0.8372632785596822,0.08893127494457949,0.08675909127944136,0.49602481269298776,0.3076054057985698,0.10987639116118092,0.08741132958053179,0.09666511567326068,0.8055955181138775,-0.20773531110226426,-0.13599039770322718,-0.4954382272062046,-0.7849019636457149,-0.23678367584033763,-0.31704991710156794,0.3124087562945859,-0.2618761436794457,-0.4655004436979016,-0.41397919361540964,-0.005175339798426601,-0.12105775299463964,0.798558690905665,0.8842381995885519
AUX,-0.7347077728781136,0.4616073266161452,1.0,-0.11972648829030183,-0.6878073369038773,0.4849940682195664,0.008750795944004386,-0.2117671119728002,0.021408094245391168,-0.5281668609469516,-0.6609797388574243,-0.07669324439665756,0.3240158459381322,0.6941023500870741,0.5569520955418706,-0.17558469863417778,-0.5901582999077126,-0.3331162798661558,-0.07705763349061846,0.90377358083402,0.665835922827149,-0.29002316027382474,0.03343334033081944,0.26217359726714906,-0.7985794692908831,0.26429285800628255,-0.7805012816942722,0.17188846412806058,-0.3331162798661558,-0.023076937492875524,-0.022996889673298073,-0.4069040443246056,0.30258994109619197,-0.522024188583839,-0.4321208904831818,0.11491025996089993,0.7351643202624567,-0.051542380717561884,-0.07670176687618975,-0.6949569890853702,-0.19196268421601848,0.18372334831933648,0.28903386884670607,0.9471341857670088,-0.23409035867146674,0.19903035372107516,-0.20089339160213063,0.3821432242282038,-0.7594876686262403,0.4832441147513631,0.5294812430973229
X,0.05702774044843757,-0.03677657571529101,-0.11972648829030183,1.0,-0.038020704964485126,0.1933561139189697,-0.17442145435223494,0.6752219474549422,0.036414490585338674,-0.27037276192393656,0.13716510932540477,0.5469841896356287,-0.6444647944002863,-0.11164693560691198,0.02040861296933899,-0.130480093145578,0.4165393409631014,-0.24197004911147624,0.9834546489658631,0.22674065423135945,-0.3148929932856112,-0.08483158080217529,-0.029940530305541543,0.0937644742419755,0.4790106031949285,-0.6785335454146642,0.22219878232107645,-0.22868890216630575,-0.24197004911147624,-0.22443095497990417,-0.9036032954745152,0.2527906507265595,-0.466221104376663,0.41178011894178523,0.027714576085083008,0.3829051941175382,-0.06309229029350076,-0.25898245663563557,0.33841964910695976,0.16054419585677684,-0.1106040609654471,-0.45620374998469926,-0.024067671846255533,0.02063385394668061,0.0659307880546738,0.1917337849176342,0.7355306023936423,0.25207394033821806,0.07686009744080029,-0.36645574033444717,-0.323607981602405
ADV,0.370852399058347,-0.03943221911448058,-0.6878073369038773,-0.038020704964485126,1.0,-0.35147375530329467,-0.06315991987248833,-0.19126721336417785,0.08814732876024713,0.5204294777427237,0.25040338838855347,-0.15026529996733767,-0.044942452212039,-0.587952539553352,-0.8769947069488963,0.7180981490830765,0.4615964659098276,-0.14931831756177838,0.013419442687451247,-0.8008478929776573,-0.07178575828340643,0.327488233408548,0.10239381464439319,-0.007599828446078183,0.5604473616740117,-0.17174389217668384,0.1142933377253953,0.28367604845550404,-0.14931831756177838,-0.06148153753212096,0.3265162141857363,0.5308793457547156,0.22815833588923645,0.5580147053192964,0.3520828482311365,-0.6948161738326938,-0.5785601228899537,-0.17676090640888598,-0.28654491220577166,0.23472778324353968,-0.34953828211899896,0.3247983739194677,-0.7690195642633206,-0.7869667506537954,-0.07189532644525463,-0.12874210382715137,0.18359354817824786,-0.4307734576650713,0.9034751575245196,-0.3138382964503522,-0.04917142112368179
PART,0.10129157775997763,0.07894491784620311,0.4849940682195664,0.1933561139189697,-0.35147375530329467,1.0,-0.8173078040962941,-0.11625245764883847,0.30279767182617595,0.08104423027781926,-0.5896838836789935,-0.3331601553998457,0.5216067437475439,0.3277878672422738,0.5622472096230389,-0.2687364086483205,0.1522669000667906,0.05389142036015421,0.11618693040378211,0.43300683339829654,0.10822968467755516,0.38979137342873443,-0.023608422062133486,0.16952640123944707,-0.3492730900468319,0.4733304769241679,-0.3756582666440011,-0.1571147981254793,0.05389142036015421,-0.8298726612583684,-0.29648611957970417,-0.3499187376020337,-0.44528370944315154,0.2640943613906367,-0.26826460377389133,0.10943274498907835,0.3840416356914152,-0.7761171673615631,-0.1089345869505991,-0.4441287931741627,0.18030854854628042,0.009950138240139933,0.2647495893153932,0.32354446628436134,0.5967972243796877,0.46786394246586377,-0.11427862139480255,0.8135079472934523,-0.06869711023985188,0.26654827308982926,-0.01947074512839648
CCONJ,-0.4302198017300073,0.039546594597476246,0.008750795944004386,-0.17442145435223494,-0.06315991987248833,-0.8173078040962941,1.0,-0.06799949744922254,-0.09722305016914107,-0.39212692802302335,0.5131695130271402,0.5490495948595534,-0.36939702296721144,-0.09468557466218111,-0.3246271677456409,0.13807382351226835,-0.5460943015174037,-0.06822059666772128,-0.07143561749752847,0.07138345951830441,0.05388511734214169,-0.4183416330391877,0.26858607440233734,-0.3112473677410377,-0.13484031947147332,-0.4898896877363283,0.12074979982077286,-0.01809983823053562,-0.06822059666772128,0.9907448713663635,0.2792599134520432,0.20617566180904612,0.5192925081829152,-0.53586500069206,-0.22979722297765065,-0.017450903985879975,-0.12675539049398046,0.9508514487235207,-0.09216668465397619,0.33969642272326733,-0.2994158261993991,0.08482589141452399,-0.1885235451696145,0.1958435890788505,-0.6825399481221245,-0.4809881701759478,0.1775964110030333,-0.8021014669633775,-0.3785679032954415,-0.12011972655283029,0.08666220752513158
NOUN,-0.07060703123205507,0.0767511854006866,-0.2117671119728002,0.6752219474549422,-0.19126721336417785,-0.11625245764883847,-0.06799949744922254,1.0,-0.6098363121842074,-0.411363563213886,0.007017241428434367,0.33021710429913476,-0.8534310240927558,0.19362725353425256,0.28381011533255257,-0.42682537952976735,0.43517416482903926,-0.3062286248260106,0.6231416945501249,0.13130957025551263,-0.17974253134113535,-0.553725255690297,-0.6048899844870855,0.34726074927199285,0.6597852245979137,-0.5237363715176003,0.3272074844257459,0.13130142135007972,-0.3062286248260106,-0.06630150622172618,-0.8226021222029982,0.13393264174327207,-0.3706358331304457,0.11442798850579601,0.580159218581077,0.7145315620021981,0.17564465172286353,-0.10641227721220696,0.8318053099829732,0.0143733393853184,0.13116252721832725,-0.7817759637626838,0.3878611161944119,-0.04290230684616788,-0.08381809567494271,0.061070378340313314,0.24124404620580586,0.31065255276714343,-0.1101692855781832,-0.11177907248067953,-0.021974711497237703
SCONJ,0.43997970285089333,-0.6056664006908125,0.021408094245391168,0.036414490585338674,0.08814732876024713,0.30279767182617595,-0.09722305016914107,-0.6098363121842074,1.0,0.5630317065233359,0.24023519071402064,-0.06321947923093714,0.4910324563067633,-0.6214359453439235,-0.28246305460678145,0.3822540128203788,-0.31801188827706156,0.5629327939771038,0.0670983567583521,-0.09999736417581377,-0.41380662007468993,0.6069581473925378,0.9241480022830041,-0.3231813055285253,-0.43004549189503777,0.2229945526453252,0.0956172781576427,-0.7107552820021439,0.5629327939771038,-0.168686391491667,0.13045030622784573,-0.3077482521709938,-0.09077162248157458,0.04407079188989362,-0.680652826811719,-0.4954905235266209,-0.57028854030812,0.013125729055882903,-0.5349520175969708,0.264892258250857,0.21051279501832676,0.6363988894221961,-0.18423729018614982,0.023558563254765883,0.25438802429558205,0.38707851789863723,0.48761981663585674,-0.05654314410553662,0.12747770400681627,-0.5322316562857565,-0.6329640966514115
VERB,0.8109322454719722,-0.7170472195400968,-0.5281668609469516,-0.27037276192393656,0.5204294777427237,0.08104423027781926,-0.39212692802302335,-0.411363563213886,0.5630317065233359,1.0,0.13783047805113122,-0.615711865961785,0.4276228089379768,-0.7558953898419473,-0.4236255815591648,0.4704421705745277,0.10108877902428447,0.6036049478546718,-0.28676066528240807,-0.7542615929801716,-0.47903666269115125,0.5220157278963405,0.429849753819649,0.012758631210989356,0.09022006140055293,0.5277378892005959,0.33262902949781986,-0.3271060169756811,0.6036049478546718,-0.41736929614642754,0.3042716761146284,-0.316750443903609,-0.0918199917795645,0.2114439437533012,0.1250875542412864,-0.5841866513355369,-0.757580254472451,-0.2325836322802936,-0.15709329423787882,0.2048803054970011,0.5160072812154017,0.5339570213281418,-0.07235444359567486,-0.5973906974851881,0.35401889982754686,0.45278181730273026,0.09308166685082009,0.05095656961264471,0.5956520568569678,-0.5522294209935739,-0.5453053044046046
ADP,0.46122322635318314,-0.4638541534552551,-0.6609797388574243,0.13716510932540477,0.25040338838855347,-0.5896838836789935,0.5131695130271402,0.007017241428434367,0.24023519071402064,0.13783047805113122,1.0,0.626561146487524,-0.2898440828054363,-0.6003520291781135,-0.41481851761289906,-0.047406624659380524,0.12582424437900697,0.5053643417554026,0.12056288926593656,-0.4683009753204709,-0.733951964294371,0.3156909244216889,0.35609926314955165,-0.7700038126775275,0.3440629825989623,-0.5127751745110442,0.808117243416552,-0.5781642759271449,0.5053643417554026,0.5376274691517232,0.08047688835936725,0.4262764552803555,-0.28590279733559876,0.21153603925249384,-0.2575649065973452,0.07309630608754995,-0.6371764866300617,0.5971359615232402,-0.2477087362853003,0.9786250267091038,0.0532244604118821,-0.18615058656197803,-0.2939212681402284,-0.5015190620875315,0.12801825383953583,-0.5028864567580449,0.3557053532269075,-0.7261008111141902,0.2667262858420018,-0.41843019675421483,-0.6611131274811168
PROPN,-0.2125783139465518,0.1628462393255056,-0.07669324439665756,0.5469841896356287,-0.15026529996733767,-0.3331601553998457,0.5490495948595534,0.33021710429913476,-0.06321947923093714,-0.615711865961785,0.626561146487524,1.0,-0.5539802408964314,0.027799524907989002,-0.05262775336830303,-0.3013119576570613,0.09732327861625435,-0.11957008738093328,0.5533642209946934,0.27235149237531564,-0.24289856981585883,-0.04200317009531732,0.07411470026945677,-0.569164426202433,0.21632739700740022,-0.8753545116280194,0.316521841964729,-0.28210828580685254,-0.11957008738093328,0.5612982091209117,-0.3413258335999576,0.593319239881774,-0.23605296071413273,0.1587847095331515,-0.38974016384864746,0.4337702549682106,0.03080446192640267,0.46329154451351284,-0.1259212425373834,0.5749179439413407,-0.41631087116263377,-0.4960830722970608,-0.2679533225793867,0.09228008146221389,-0.10783097912052787,-0.5867631394936608,0.4309109004466076,-0.4896779748131563,-0.16127623552024345,-0.021935055670179934,-0.19168139357935027
PRON,0.18364879254885835,-0.048564419932922306,0.3240158459381322,-0.6444647944002863,-0.044942452212039,0.5216067437475439,-0.36939702296721144,-0.8534310240927558,0.4910324563067633,0.4276228089379768,-0.2898440828054363,-0.5539802408964314,1.0,0.06415107719702483,0.14454932183049854,0.08255644893780203,-0.23531442796529195,0.38053431326283105,-0.6702901239182738,-0.005869173742967778,0.1705270476793821,0.6250832897605071,0.3143634819552339,-0.21515343864598785,-0.6679563278796737,0.803673366279317,-0.3535011308753372,-0.1363456190055814,0.38053431326283105,-0.34736826410121907,0.6362914577005471,-0.32648298029616635,0.037854483280212826,-0.0035986544388497545,-0.4635056227461456,-0.44007952056711064,0.0787120310371691,-0.26923074828650956,-0.6539742182603178,-0.2061822308791289,0.12801941390388935,0.5472937935663738,-0.05388653271833169,0.09088007072499821,0.44551366757228844,0.1039512115858188,-0.49356247959184113,0.15715856442947818,0.06074171755109947,0.33054963190532277,0.0368753622858588
NUM,-0.7053963919796031,0.7890916007512004,0.6941023500870741,-0.11164693560691198,-0.587952539553352,0.3277878672422738,-0.09468557466218111,0.19362725353425256,-0.6214359453439235,-0.7558953898419473,-0.6003520291781135,0.027799524907989002,0.06415107719702483,1.0,0.7219873864905301,-0.5693654158919345,-0.03604925965394167,-0.5172323460559445,-0.14807226551537303,0.7272134792043872,0.6888157154743336,-0.358546932306563,-0.6592370679939195,0.20226578280973287,-0.29147539299267167,0.09743396150915451,-0.5822552230758802,0.510885912309687,-0.5172323460559445,-0.03932047315264128,-0.08137657302514788,0.01793524248803781,0.039722968338981396,-0.19141276304481028,0.02396753823317663,0.5057339752221418,0.9949345141428966,-0.19093910876948333,0.13799338987060675,-0.5838458808524375,-0.2832161957398793,-0.4218431606734194,0.2976091624527249,0.5947282237330523,-0.04124184508078009,-0.24885430190080451,-0.6070894163410337,0.3691063500342333,-0.5430665446386752,0.880026067201262,0.7478563148346932
ADJ,-0.20254515221223388,0.16865099952323145,0.5569520955418706,0.02040861296933899,-0.8769947069488963,0.5622472096230389,-0.3246271677456409,0.28381011533255257,-0.28246305460678145,-0.4236255815591648,-0.41481851761289906,-0.05262775336830303,0.14454932183049854,0.7219873864905301,1.0,-0.8571219753290575,-0.06694587114825455,0.10298071573040272,-0.0916252873464143,0.6585490000879096,0.09947090021103286,-0.16344850535182306,-0.44198200368321244,0.0788520164754638,-0.3429315706941933,0.3266527365544149,-0.11645581115205152,-0.11009500222615325,0.10298071573040272,-0.2860539555400075,-0.34762781805556825,-0.4220314980965665,-0.455729667378957,-0.23397824197876702,-0.10224675064333827,0.7649961679087797,0.7056371559396504,-0.21261671779832203,0.3295561485655103,-0.3208279405335977,0.38592184772200605,-0.5170562473466221,0.7762538589767076,0.5483990320749322,0.3806066384188533,0.10018928909806028,-0.44944145712332484,0.6633001354363367,-0.6393611380762629,0.5327478032596625,0.1355891128939522
advmod:emph,0.01039701442941244,-0.1121452047026177,-0.17558469863417778,-0.130480093145578,0.7180981490830765,-0.2687364086483205,0.13807382351226835,-0.42682537952976735,0.3822540128203788,0.4704421705745277,-0.047406624659380524,-0.3013119576570613,0.08255644893780203,-0.5693654158919345,-0.8571219753290575,1.0,-0.19963404049668215,-0.22343511956143805,0.012648912839861278,-0.4176648437077039,0.20024054964808885,0.02861790658326567,0.5109970965782968,0.29429451582135663,0.011060439013096154,0.0015944622471700245,-0.2820601275565664,0.2439221639669761,-0.22343511956143805,0.06080658698711904,0.35505813143018533,0.04313728857318295,0.676784047459362,-0.012297564212118486,0.08962275202387546,-0.9226231085483387,-0.526926132913445,0.01838699072676219,-0.261952680763365,-0.14896678706187566,-0.3204306250260235,0.810289603108721,-0.6009043459442447,-0.21736055205097124,-0.5018945081118596,0.2899364631728745,0.39642689652956886,-0.33196263145323085,0.4326224790209828,-0.49126441852919456,0.07233363379978554
obl:arg,0.4453094388326796,0.15910334051165778,-0.5901582999077126,0.4165393409631014,0.4615964659098276,0.1522669000667906,-0.5460943015174037,0.43517416482903926,-0.31801188827706156,0.10108877902428447,0.12582424437900697,0.09732327861625435,-0.23531442796529195,-0.03604925965394167,-0.06694587114825455,-0.19963404049668215,1.0,-0.13512143675450242,0.31253528318875884,-0.4135988809727475,-0.25520377579771114,0.36398223781932015,-0.5396910077433833,-0.08820871490748362,0.8084396963381374,-0.26485606417117774,0.32360228127867596,0.15683113003784477,-0.13512143675450242,-0.4811687276128345,-0.31278942058837944,0.60463010107682,-0.5999036441204642,0.9060750912245222,0.44698984515408396,0.20381495153316825,-0.04001019597531437,-0.6048444556104974,0.07909828086543085,0.25281169629818206,-0.11994828322409465,-0.5708027332462833,-0.2712767555463524,-0.6914125103372019,0.5429530611284428,-0.23943360417198567,-0.050384972280708124,0.1569791277415445,0.7247936253925187,0.11661309304624694,-0.11392949590988485
aux,0.7535864408467958,-0.8372632785596822,-0.3331162798661558,-0.24197004911147624,-0.14931831756177838,0.05389142036015421,-0.06822059666772128,-0.3062286248260106,0.5629327939771038,0.6036049478546718,0.5053643417554026,-0.11957008738093328,0.38053431326283105,-0.5172323460559445,0.10298071573040272,-0.22343511956143805,-0.13512143675450242,1.0,-0.32532166945220836,-0.3649283322905055,-0.784793577391221,0.5174222019213144,0.4626128951819892,-0.5187053098776543,-0.18104794324070536,0.40050732860649463,0.6707901104412151,-0.8353294951223089,1.0,-0.05696604650677076,0.1770597347427264,-0.40696106844963825,-0.47635488241434737,-0.05028074706953003,-0.3385544825705588,0.050723511673108,-0.5534213409858673,0.22379014706005398,-0.16666666666666669,0.5887182054285326,0.7596313321880425,0.10254290553563031,0.3326509642689375,-0.2725580186540921,0.569785659793544,0.1237521835960053,-0.0024645098328724443,-0.046690616763733844,0.043710979554282936,-0.3679768350555031,-0.8080375304006776
flat,-0.03900871437952004,-0.008433393935687735,-0.07705763349061846,0.9834546489658631,0.013419442687451247,0.11618693040378211,-0.07143561749752847,0.6231416945501249,0.0670983567583521,-0.28676066528240807,0.12056288926593656,0.5533642209946934,-0.6702901239182738,-0.14807226551537303,-0.0916252873464143,0.012648912839861278,0.31253528318875884,-0.32532166945220836,1.0,0.24196229675098255,-0.23088804430436005,-0.15778721573721277,0.05278832684629034,0.1483432751309222,0.4342732925651426,-0.7217178702387641,0.13632823717038298,-0.1700719289781229,-0.32532166945220836,-0.1369433998494874,-0.8572776712150312,0.25495153135991566,-0.3046483977056881,0.3325505117293286,0.011085489451814855,0.26873068768749725,-0.09254210641603594,-0.18706548213061447,0.3123396722744613,0.11081332719317528,-0.2021230066856145,-0.3354917499584366,-0.10324593672283232,0.0737735711654604,-0.09325528573993407,0.21374337900835563,0.8084360932722735,0.1727337300539091,0.05364623112295821,-0.42003488463605176,-0.2620472854605491
nsubj,-0.7278786623945277,0.4666429840709752,0.90377358083402,0.22674065423135945,-0.8008478929776573,0.43300683339829654,0.07138345951830441,0.13130957025551263,-0.09999736417581377,-0.7542615929801716,-0.4683009753204709,0.27235149237531564,-0.005869173742967778,0.7272134792043872,0.6585490000879096,-0.4176648437077039,-0.4135988809727475,-0.3649283322905055,0.24196229675098255,1.0,0.47782062470122594,-0.3671219448731207,-0.08434733799448028,0.15435021907627403,-0.570354969274802,-0.07353811243898925,-0.557619061605394,0.047730917615732935,-0.3649283322905055,0.04549794028593037,-0.35720087492852914,-0.23672163681201852,0.045426362093821726,-0.4010101765936833,-0.4220472119960042,0.44762278561330726,0.7650576141432095,0.0015030356828585024,0.08970936322830138,-0.49442722971307035,-0.20503636857559665,-0.1766319189417153,0.35015574973640157,0.9363167885078896,-0.18201296789322285,0.0804507810761409,-0.01797810080206107,0.3777347923408086,-0.8104361392218268,0.4341022932099348,0.3922210062243171
root,-0.8349992458245469,0.8328024419232682,0.665835922827149,-0.3148929932856112,-0.07178575828340643,0.10822968467755516,0.05388511734214169,-0.17974253134113535,-0.41380662007468993,-0.47903666269115125,-0.733951964294371,-0.24289856981585883,0.1705270476793821,0.6888157154743336,0.09947090021103286,0.20024054964808885,-0.25520377579771114,-0.784793577391221,-0.23088804430436005,0.47782062470122594,1.0,-0.40814239812640035,-0.33032966310857853,0.4738260095168257,-0.3616016260589023,0.1417227672476979,-0.9301838429850976,0.8254585201055556,-0.784793577391221,0.05618503682740422,0.2769713851061957,0.050651081190933346,0.6737548163411129,-0.2796102381554322,0.10278780005143758,-0.21984095164146147,0.7142178390090275,-0.15739942632457346,-0.08248857635220697,-0.8090994455153854,-0.6076318682322225,0.22726337711439062,-0.16889851310377474,0.5113895584858368,-0.5066389037659692,-0.07505256399148079,-0.4170442457072822,0.1031934617250364,-0.28199125249155027,0.6310493723597452,0.9636745788788423
advcl,0.6528890983847017,-0.2511927464773115,-0.29002316027382474,-0.08483158080217529,0.327488233408548,0.38979137342873443,-0.4183416330391877,-0.553725255690297,0.6069581473925378,0.5220157278963405,0.3156909244216889,-0.04200317009531732,0.6250832897605071,-0.358546932306563,-0.16344850535182306,0.02861790658326567,0.36398223781932015,0.5174222019213144,-0.15778721573721277,-0.3671219448731207,-0.40814239812640035,1.0,0.3646075896236866,-0.6374369100298407,-0.04590037781838954,0.2373476567011154,0.22297277894298811,-0.46815720472383665,0.5174222019213144,-0.3809408672449349,0.3025321853863988,0.22974625536819981,-0.48056431254949783,0.6549095139823414,-0.47198395825441886,-0.308530334292166,-0.3386819572271625,-0.3342820560847406,-0.7418076642383926,0.4501110140660703,0.030055987086157074,0.17512926464040837,-0.41194622054250857,-0.45803962038798934,0.7731071497305501,-0.1581110109987313,-0.04799112007676429,-0.0857160788983024,0.5824435806451955,0.009570397547020177,-0.4791610932771359
mark,0.23730446186314808,-0.5729433715046367,0.03343334033081944,-0.029940530305541543,0.10239381464439319,-0.023608422062133486,0.26858607440233734,-0.6048899844870855,0.9241480022830041,0.429849753819649,0.35609926314955165,0.07411470026945677,0.3143634819552339,-0.6592370679939195,-0.44198200368321244,0.5109970965782968,-0.5396910077433833,0.4626128951819892,0.05278832684629034,-0.08434733799448028,-0.33032966310857853,0.3646075896236866,1.0,-0.31630050801609155,-0.4583601573798796,0.0517030200471678,0.08435135435062893,-0.6313264286696272,0.4626128951819892,0.18457421684920364,0.2218514648827646,-0.2649413466556042,0.18712354107255746,-0.19567118434624228,-0.6760357236830525,-0.5496290923811672,-0.617742595607166,0.34407468823477755,-0.4980321016844868,0.3033504134857165,0.08911738700615121,0.7129059105295751,-0.24806599414378439,0.10655779877275734,-0.08821646091940014,0.2789549458183018,0.5707051778803895,-0.32470019330915983,-0.010168745650397139,-0.6092336527455232,-0.5393505777985518
det,-0.317230082240631,0.1571156670085429,0.26217359726714906,0.0937644742419755,-0.007599828446078183,0.16952640123944707,-0.3112473677410377,0.34726074927199285,-0.3231813055285253,0.012758631210989356,-0.7700038126775275,-0.569164426202433,-0.21515343864598785,0.20226578280973287,0.0788520164754638,0.29429451582135663,-0.08820871490748362,-0.5187053098776543,0.1483432751309222,0.15435021907627403,0.4738260095168257,-0.6374369100298407,-0.31630050801609155,1.0,0.06687072033711193,0.22803673037652206,-0.4754804974691213,0.5677153883468675,-0.5187053098776543,-0.3752002480354042,-0.31079699234174574,-0.43683025387619545,0.3887991199351872,-0.2912884164466865,0.6412131878179542,-0.10302453776662912,0.22578956694355704,-0.3940416687347705,0.6615886110028306,-0.8106195386442906,0.09658499739952944,0.16499696445818865,0.3286606188448674,0.25436325139665283,-0.4415554564718652,0.6822040830718525,0.03507671837124027,0.585913898396076,-0.1393747371186639,-0.1030542259774087,0.44996389482229626
csubj,0.37637538661724335,-0.033721660710997574,-0.7985794692908831,0.4790106031949285,0.5604473616740117,-0.3492730900468319,-0.13484031947147332,0.6597852245979137,-0.43004549189503777,0.09022006140055293,0.3440629825989623,0.21632739700740022,-0.6679563278796737,-0.29147539299267167,-0.3429315706941933,0.011060439013096154,0.8084396963381374,-0.18104794324070536,0.4342732925651426,-0.570354969274802,-0.3616016260589023,-0.04590037781838954,-0.4583601573798796,0.06687072033711193,1.0,-0.5298886083137299,0.5305186870690749,0.1858943933220468,-0.18104794324070536,-0.10386981787627309,-0.38533956749799075,0.5672263170820059,-0.3303897740401011,0.6149111151868571,0.681219792794778,0.17936897569642427,-0.3148148503812881,-0.20124135496235657,0.3942064041532349,0.3742286330434476,-0.06141218577424426,-0.5306086091515307,-0.22715820311522578,-0.7435543723515002,0.09142553942664014,-0.18852821378943305,0.22771115615742932,-0.1081944151022844,0.6398170147234525,-0.2594104508455829,-0.18164042512492143
xcomp,0.22921624854803466,-0.21938675617077685,0.26429285800628255,-0.6785335454146642,-0.17174389217668384,0.4733304769241679,-0.4898896877363283,-0.5237363715176003,0.2229945526453252,0.5277378892005959,-0.5127751745110442,-0.8753545116280194,0.803673366279317,0.09743396150915451,0.3266527365544149,0.0015944622471700245,-0.26485606417117774,0.40050732860649463,-0.7217178702387641,-0.07353811243898925,0.1417227672476979,0.2373476567011154,0.0517030200471678,0.22803673037652206,-0.5298886083137299,1.0,-0.25924442944214404,-0.011930930008314182,0.40050732860649463,-0.48003184027103235,0.4450395063252111,-0.6914495664516672,0.05440453797769349,-0.25577549731401866,0.003379835808539905,-0.2599860507523838,0.08602575115621802,-0.32257370581496286,-0.09407905065682044,-0.4306380202904467,0.5291036759774852,0.44172330646987784,0.40668834474766563,0.09234787939225103,0.3379288296548336,0.44069256561998976,-0.5805110481077415,0.4686934183578439,-0.07410595020774126,0.19871127196017543,0.06768561066126476
obl,0.7311910506380955,-0.6936909848838294,-0.7805012816942722,0.22219878232107645,0.1142933377253953,-0.3756582666440011,0.12074979982077286,0.3272074844257459,0.0956172781576427,0.33262902949781986,0.808117243416552,0.316521841964729,-0.3535011308753372,-0.5822552230758802,-0.11645581115205152,-0.2820601275565664,0.32360228127867596,0.6707901104412151,0.13632823717038298,-0.557619061605394,-0.9301838429850976,0.22297277894298811,0.08435135435062893,-0.4754804974691213,0.5305186870690749,-0.25924442944214404,1.0,-0.6267413251990729,0.6707901104412151,0.14823860998866398,-0.20851862564520232,0.10857992369857314,-0.5928984495746913,0.23511577589372581,0.1077168118746117,0.33552384957844705,-0.6361820864458098,0.30698242567540673,0.20419005420600195,0.8572919087621889,0.5327229517724021,-0.4072722231465312,0.16470349047588148,-0.6069380111119477,0.3764313981858867,-0.15864951699266877,0.2574063573950299,-0.26109916066773586,0.2766928389189521,-0.5060581709779383,-0.8054275491056831
nmod,-0.5889064320047053,0.7753128412618693,0.17188846412806058,-0.22868890216630575,0.28367604845550404,-0.1571147981254793,-0.01809983823053562,0.13130142135007972,-0.7107552820021439,-0.3271060169756811,-0.5781642759271449,-0.28210828580685254,-0.1363456190055814,0.510885912309687,-0.11009500222615325,0.2439221639669761,0.15683113003784477,-0.8353294951223089,-0.1700719289781229,0.047730917615732935,0.8254585201055556,-0.46815720472383665,-0.6313264286696272,0.5677153883468675,0.1858943933220468,-0.011930930008314182,-0.6267413251990729,1.0,-0.8353294951223089,0.009767811606416182,0.1991149145096028,0.2898631939582785,0.5713432147653607,-0.01560551567002788,0.5936683924927902,-0.18144712584067954,0.508717855239164,-0.241529462677699,0.17352955593047542,-0.6397023740307571,-0.555464412786518,-0.00497223208235508,-0.24381518205677902,0.031692892819523234,-0.4796060293860275,-0.16522855326863922,-0.4265496806568227,0.02915519581367319,0.0960271954595988,0.5033273797636582,0.9083142436343058
advcl:cmpr,0.7535864408467958,-0.8372632785596822,-0.3331162798661558,-0.24197004911147624,-0.14931831756177838,0.05389142036015421,-0.06822059666772128,-0.3062286248260106,0.5629327939771038,0.6036049478546718,0.5053643417554026,-0.11957008738093328,0.38053431326283105,-0.5172323460559445,0.10298071573040272,-0.22343511956143805,-0.13512143675450242,1.0,-0.32532166945220836,-0.3649283322905055,-0.784793577391221,0.5174222019213144,0.4626128951819892,-0.5187053098776543,-0.18104794324070536,0.40050732860649463,0.6707901104412151,-0.8353294951223089,1.0,-0.05696604650677076,0.1770597347427264,-0.40696106844963825,-0.47635488241434737,-0.05028074706953003,-0.3385544825705588,0.050723511673108,-0.5534213409858673,0.22379014706005398,-0.16666666666666669,0.5887182054285326,0.7596313321880425,0.10254290553563031,0.3326509642689375,-0.2725580186540921,0.569785659793544,0.1237521835960053,-0.0024645098328724443,-0.046690616763733844,0.043710979554282936,-0.3679768350555031,-0.8080375304006776
cc,-0.4162370326257373,0.08893127494457949,-0.023076937492875524,-0.22443095497990417,-0.06148153753212096,-0.8298726612583684,0.9907448713663635,-0.06630150622172618,-0.168686391491667,-0.41736929614642754,0.5376274691517232,0.5612982091209117,-0.34736826410121907,-0.03932047315264128,-0.2860539555400075,0.06080658698711904,-0.4811687276128345,-0.05696604650677076,-0.1369433998494874,0.04549794028593037,0.05618503682740422,-0.3809408672449349,0.18457421684920364,-0.3752002480354042,-0.10386981787627309,-0.48003184027103235,0.14823860998866398,0.009767811606416182,-0.05696604650677076,1.0,0.3257037175365285,0.2698249680578494,0.47335677103347185,-0.48866230368774116,-0.21133747399377234,0.0312575445151963,-0.08012099231684428,0.9452351364593768,-0.118993551804405,0.3760907523521826,-0.311716007050628,0.010007772046067485,-0.1961813243095697,0.14578225832175376,-0.6195314589747111,-0.5830586642448865,0.07361064212429724,-0.8260655675603236,-0.3514608306677089,-0.024659645309169212,0.1152175359545437
nsubj:pass,-0.013206003056605898,0.08675909127944136,-0.022996889673298073,-0.9036032954745152,0.3265162141857363,-0.29648611957970417,0.2792599134520432,-0.8226021222029982,0.13045030622784573,0.3042716761146284,0.08047688835936725,-0.3413258335999576,0.6362914577005471,-0.08137657302514788,-0.34762781805556825,0.35505813143018533,-0.31278942058837944,0.1770597347427264,-0.8572776712150312,-0.35720087492852914,0.2769713851061957,0.3025321853863988,0.2218514648827646,-0.31079699234174574,-0.38533956749799075,0.4450395063252111,-0.20851862564520232,0.1991149145096028,0.1770597347427264,0.3257037175365285,1.0,0.06662750240261155,0.515562946546237,-0.17423194519813812,-0.1876080640054207,-0.6107819066676287,-0.111663373411533,0.29549124735782617,-0.6424184692664343,0.04080002296875556,-0.1849595387512852,0.5667149531627005,-0.38892748065885135,-0.18324936062317598,-0.08814224516593995,-0.3753234301446207,-0.5429585128310194,-0.5358965965681292,0.1745647452245119,0.2831808768431471,0.2581019582182023
discourse,-0.06803013113117957,0.49602481269298776,-0.4069040443246056,0.2527906507265595,0.5308793457547156,-0.3499187376020337,0.20617566180904612,0.13393264174327207,-0.3077482521709938,-0.316750443903609,0.4262764552803555,0.593319239881774,-0.32648298029616635,0.01793524248803781,-0.4220314980965665,0.04313728857318295,0.60463010107682,-0.40696106844963825,0.25495153135991566,-0.23672163681201852,0.050651081190933346,0.22974625536819981,-0.2649413466556042,-0.43683025387619545,0.5672263170820059,-0.6914495664516672,0.10857992369857314,0.2898631939582785,-0.40696106844963825,0.2698249680578494,0.06662750240261155,1.0,-0.07369352430254596,0.6566920452390286,0.04723224971483398,-0.01735333616453432,0.017427329772337807,0.011470563915971899,-0.35813026631786216,0.41653819345452814,-0.7415538942209793,-0.36444314702761665,-0.7643607095990791,-0.4624117594993525,0.010009636276651577,-0.776777434622094,0.045307175115718704,-0.5607127962724462,0.5260867768814159,0.24690149331444297,0.16444864709711854
csubj:pass,-0.6095864932274752,0.3076054057985698,0.30258994109619197,-0.466221104376663,0.22815833588923645,-0.44528370944315154,0.5192925081829152,-0.3706358331304457,-0.09077162248157458,-0.0918199917795645,-0.28590279733559876,-0.23605296071413273,0.037854483280212826,0.039722968338981396,-0.455729667378957,0.676784047459362,-0.5999036441204642,-0.47635488241434737,-0.3046483977056881,0.045426362093821726,0.6737548163411129,-0.48056431254949783,0.18712354107255746,0.3887991199351872,-0.3303897740401011,0.05440453797769349,-0.5928984495746913,0.5713432147653607,-0.47635488241434737,0.47335677103347185,0.515562946546237,-0.07369352430254596,1.0,-0.5640884906304101,0.08987123763184211,-0.6057067800689455,0.04896167196622667,0.3711496822954419,-0.10301208327971575,-0.45695009542338144,-0.43680693820864414,0.6463634541942346,-0.3004041318375228,0.2858803309663804,-0.8590742799092934,0.026361082408437247,-0.04683853678182268,-0.38137186290365815,-0.1845976156460541,0.01092877718809248,0.6055312720761791
acl,0.4982481109885917,0.10987639116118092,-0.522024188583839,0.41178011894178523,0.5580147053192964,0.2640943613906367,-0.53586500069206,0.11442798850579601,0.04407079188989362,0.2114439437533012,0.21153603925249384,0.1587847095331515,-0.0035986544388497545,-0.19141276304481028,-0.23397824197876702,-0.012297564212118486,0.9060750912245222,-0.05028074706953003,0.3325505117293286,-0.4010101765936833,-0.2796102381554322,0.6549095139823414,-0.19567118434624228,-0.2912884164466865,0.6149111151868571,-0.25577549731401866,0.23511577589372581,-0.01560551567002788,-0.05028074706953003,-0.48866230368774116,-0.17423194519813812,0.6566920452390286,-0.5640884906304101,1.0,0.10133960597287879,-0.05266689398069372,-0.16775838630345838,-0.6078443785054982,-0.291728139964208,0.3394927569481908,-0.2613041977116545,-0.3083064177721842,-0.5257597597789956,-0.6617577444588252,0.6088573216397024,-0.24403495625162805,0.09697024329219968,0.03300254789347178,0.8139636579188639,0.04745383405667433,-0.22893576045305594
expl:pass,0.07709244987789571,0.08741132958053179,-0.4321208904831818,0.027714576085083008,0.3520828482311365,-0.26826460377389133,-0.22979722297765065,0.580159218581077,-0.680652826811719,0.1250875542412864,-0.2575649065973452,-0.38974016384864746,-0.4635056227461456,0.02396753823317663,-0.10224675064333827,0.08962275202387546,0.44698984515408396,-0.3385544825705588,0.011085489451814855,-0.4220472119960042,0.10278780005143758,-0.47198395825441886,-0.6760357236830525,0.6412131878179542,0.681219792794778,0.003379835808539905,0.1077168118746117,0.5936683924927902,-0.3385544825705588,-0.21133747399377234,-0.1876080640054207,0.04723224971483398,0.08987123763184211,0.10133960597287879,1.0,0.0837805698377112,-0.013562987303134015,-0.2755577751904949,0.7051821436657562,-0.2591088630264134,0.145078498499014,-0.2785785739856433,0.17046891929223998,-0.4319313155618033,-0.1916795788020907,0.16191400019254873,-0.18038418399476422,0.22586824687858975,0.31651572602508166,-0.06198654446124358,0.27212854479848336
amod,-0.10937097533993491,0.09666511567326068,0.11491025996089993,0.3829051941175382,-0.6948161738326938,0.10943274498907835,-0.017450903985879975,0.7145315620021981,-0.4954905235266209,-0.5841866513355369,0.07309630608754995,0.4337702549682106,-0.44007952056711064,0.5057339752221418,0.7649961679087797,-0.9226231085483387,0.20381495153316825,0.050723511673108,0.26873068768749725,0.44762278561330726,-0.21984095164146147,-0.308530334292166,-0.5496290923811672,-0.10302453776662912,0.17936897569642427,-0.2599860507523838,0.33552384957844705,-0.18144712584067954,0.050723511673108,0.0312575445151963,-0.6107819066676287,-0.01735333616453432,-0.6057067800689455,-0.05266689398069372,0.0837805698377112,1.0,0.4681154012293339,0.058228864414279706,0.5325300218305417,0.1309713538466473,0.2851173129252379,-0.8968183471965062,0.6332271195678506,0.24800680915132,0.25831026416556324,-0.19255775943426315,-0.13775943190337028,0.32553756763466757,-0.4825653116474979,0.28832995042408943,-0.07495601446009108
nummod,-0.7240201344492329,0.8055955181138775,0.7351643202624567,-0.06309229029350076,-0.5785601228899537,0.3840416356914152,-0.12675539049398046,0.17564465172286353,-0.57028854030812,-0.757580254472451,-0.6371764866300617,0.03080446192640267,0.0787120310371691,0.9949345141428966,0.7056371559396504,-0.526926132913445,-0.04001019597531437,-0.5534213409858673,-0.09254210641603594,0.7650576141432095,0.7142178390090275,-0.3386819572271625,-0.617742595607166,0.22578956694355704,-0.3148148503812881,0.08602575115621802,-0.6361820864458098,0.508717855239164,-0.5534213409858673,-0.08012099231684428,-0.111663373411533,0.017427329772337807,0.04896167196622667,-0.16775838630345838,-0.013562987303134015,0.4681154012293339,1.0,-0.2376761653381199,0.10975310834461624,-0.620528771386444,-0.32280013686030473,-0.3822660182429079,0.26240961040815225,0.6289025792458461,-0.047057604490548015,-0.2050750295167426,-0.5527601734963249,0.3987530472935701,-0.5355083309012919,0.8631867540089981,0.7518709016213327
conj,-0.22976109551279145,-0.20773531110226426,-0.051542380717561884,-0.25898245663563557,-0.17676090640888598,-0.7761171673615631,0.9508514487235207,-0.10641227721220696,0.013125729055882903,-0.2325836322802936,0.5971359615232402,0.46329154451351284,-0.26923074828650956,-0.19093910876948333,-0.21261671779832203,0.01838699072676219,-0.6048444556104974,0.22379014706005398,-0.18706548213061447,0.0015030356828585024,-0.15739942632457346,-0.3342820560847406,0.34407468823477755,-0.3940416687347705,-0.20124135496235657,-0.32257370581496286,0.30698242567540673,-0.241529462677699,0.22379014706005398,0.9452351364593768,0.29549124735782617,0.011470563915971899,0.3711496822954419,-0.6078443785054982,-0.2755577751904949,0.058228864414279706,-0.2376761653381199,1.0,-0.052300522519742244,0.4512202875166594,-0.010260834975244978,0.08050347662081579,0.012152126972021986,0.15880312762402257,-0.5190645523539215,-0.3952059695324645,0.13235587996550813,-0.7381356794745326,-0.4283271471090945,-0.20582290393613042,-0.12308022360224376
appos,-0.07271181241921039,-0.13599039770322718,-0.07670176687618975,0.33841964910695976,-0.28654491220577166,-0.1089345869505991,-0.09216668465397619,0.8318053099829732,-0.5349520175969708,-0.15709329423787882,-0.2477087362853003,-0.1259212425373834,-0.6539742182603178,0.13799338987060675,0.3295561485655103,-0.261952680763365,0.07909828086543085,-0.16666666666666669,0.3123396722744613,0.08970936322830138,-0.08248857635220697,-0.7418076642383926,-0.4980321016844868,0.6615886110028306,0.3942064041532349,-0.09407905065682044,0.20419005420600195,0.17352955593047542,-0.16666666666666669,-0.118993551804405,-0.6424184692664343,-0.35813026631786216,-0.10301208327971575,-0.291728139964208,0.7051821436657562,0.5325300218305417,0.10975310834461624,-0.052300522519742244,1.0,-0.2648903160853004,0.45267004990609844,-0.4477362878389863,0.6820126403622053,0.09363297087523317,-0.24328613515741104,0.4254583350319942,0.10994889128496925,0.4724931815164537,-0.2896991792991894,-0.23091550593044516,0.03298907968417097
