,len,PUNCT,AUX,ADV,PART,CCONJ,NOUN,SCONJ,VERB,ADP,PROPN,PRON,NUM,ADJ,advmod:emph,obl:arg,aux,flat,nsubj,root,advcl,mark,det,advcl:pred,csubj,xcomp,obl,nmod,advcl:cmpr,cc,nsubj:pass,discourse,csubj:pass,acl,expl:pass,amod,nummod,conj,case,xcomp:pred,aux:pass,advmod:neg,cop,obj,ccomp,parataxis,fixed,acl:relcl,advmod,orphan,punct
len,1.0,-0.7053360188574057,-0.2169682192980441,-0.46371913510310764,-0.10265794043812944,0.41018505836049407,0.21676716882529168,0.43410371314947327,-0.26581165294511033,0.5328951535869882,-0.11298930755259186,-0.17543757784152095,0.4367140289792425,0.010804409937017824,-0.6181700878475112,0.3769187189827275,0.4164604977271589,-0.5299746503818775,0.08991937694422898,-0.8687481869244078,0.1032756205979307,0.4407081419684872,-0.08390811279091354,-0.21270145052629436,-0.11056435023303497,-0.08571762535199275,-0.24525260353208803,0.24360336986438078,-0.16305523625155233,0.43190710566874496,-0.05225736492133584,0.35482413554480363,0.2435163011552311,-0.021100323937505293,-0.23312902428421856,0.0540133586088974,0.6624695128416107,0.6507904669518606,0.3880681662440956,0.2543300417259448,-0.18654458208506897,-0.286032030216543,-0.2776810976758409,-0.3166457299526911,-0.10927158918694836,0.13541353607079398,-0.13617419894604216,0.03918052976920873,-0.34414427341345016,-0.18482097112216472,-0.7960544915855602
PUNCT,-0.7053360188574057,1.0,0.23405313653042156,0.7223180213410348,-0.07955478777380984,-0.14863825771859773,-0.258236101444225,-0.3931251517136894,-0.14391637458588113,-0.03211803029434017,0.2941704236439259,0.0932697408283025,-0.23307266518548272,0.5024051194368533,0.8120026741524596,-0.15808073621834842,-0.1502283984074908,0.7663491038097154,-0.3267217882206672,0.9020289907416106,-0.41930623856446697,-0.36991739730027245,-0.45276221533191235,0.0635326203496031,0.11223201569259679,0.36748376775035757,-0.09252678848499823,-0.1579319651253377,-0.2763209383911554,-0.22374136074377737,0.10985427821097637,-0.34994765151830176,-0.14233745465828787,-0.0296788757713335,0.3654357634175432,0.3538776104069424,-0.4101432501659271,-0.31737963221980525,0.14280014185023893,-0.29393976521225573,0.2502444874335981,-0.05934952609074014,0.1971697766428127,0.12494759317632322,-0.11671723657650758,0.26433256862018123,-0.05523780174201144,-0.10335570032039366,0.4798227568135949,0.05910340105502447,0.9538719554996351
AUX,-0.2169682192980441,0.23405313653042156,1.0,0.3326356327223841,-0.1486569154786736,0.06966676447345804,-0.34999181763395637,-0.1479847053581534,-0.11847010355659579,-0.23526419409141164,0.09262453326817954,0.044248648363824375,-0.2295217309281203,0.34087608076718995,0.34038215626832596,-0.11411985841576867,0.12652398766654027,0.23048775861965037,-0.560752644767422,0.23722539589181077,-0.4171139329127309,-0.3227072353365952,-0.2762026462219751,-0.45465868106050134,0.6794801796644185,-0.5029360864725241,0.6007070299756143,0.07646956265798195,0.15127219402284345,0.008540407008317732,0.522633881040804,0.39191243674111964,0.23068452547710522,-0.5385835901709722,-0.05791639600148451,0.09530284092675861,-0.0216519234138249,0.15176639073325682,0.06463811953604125,0.06013437813236557,0.6087641064576643,-0.19551735599866593,0.3804369486573658,-0.3501040418910827,-0.23718469189554983,0.13989456519526436,-0.6834684752639753,0.12625118303988994,0.2534469025337559,0.4118458981987473,0.24944518827608855
ADV,-0.46371913510310764,0.7223180213410348,0.3326356327223841,1.0,0.31180732937812183,-0.09956465100094335,-0.307936380853969,0.04556934077708121,-0.11488905131432468,-0.4006354044610495,0.6686135715487361,-0.3106063203370865,-0.19817633571547114,0.5609800843212208,0.7971619221320736,-0.396008700790596,0.02054174213323465,0.8720135350433926,-0.26172520706431346,0.546481775766619,-0.5110764887783887,0.017087919492653154,-0.7278623651596858,-0.3496913034683318,0.26792146143840884,0.09153359249769505,-0.10919193221576232,-0.11290365835616989,-0.0002908003791110281,-0.1472716522209164,0.13302327206310052,0.2478974192910379,0.04215560272650455,-0.04809711485458816,0.03505081579110181,0.35434917085924095,-0.1175744649126821,-0.20533448290246456,-0.24968056428380359,0.09368654518060873,0.35607614094266976,0.20159390852441975,0.12081802508988321,-0.26456421874804725,0.12737071176300538,0.2223781842857718,-0.06361186857465473,-0.19184276670431602,0.8566981335829321,0.011501003434652823,0.6385116135623359
PART,-0.10265794043812944,-0.07955478777380984,-0.1486569154786736,0.31180732937812183,1.0,-0.5215779845943159,-0.514928945274661,0.3361027832572862,0.4859933415192606,-0.5002531148095632,0.054655514731605695,0.10473942817722365,-0.0772529578426666,-0.17203589024257987,0.2989423137092483,-0.08517206631105112,-0.06655675379269345,0.10414921297275091,0.6036522196316427,-0.15057119306936165,0.35377916572490964,0.3366905110620278,-0.05225516525154753,-0.39050328059515477,0.11630460800687643,0.02343002869078111,0.011202120919265061,-0.23211484889646253,0.2662518224791689,-0.4867128753779821,-0.4703399530471007,0.2579618163938616,0.014613439003152193,0.12436159296412312,-0.1780136353414001,-0.5048342761694177,-0.07236524013489676,-0.5450748303899524,-0.610779457909203,0.5439775859148596,-0.1360233477807698,0.3239236903700943,0.02399470421015768,-0.2768072587336292,0.07543484015839236,0.0695371860483852,0.023695352723853983,0.37988027540443187,0.7145640800491607,-0.49249164114908345,-0.10093022642450672
CCONJ,0.41018505836049407,-0.14863825771859773,0.06966676447345804,-0.09956465100094335,-0.5215779845943159,1.0,0.08382202556455524,0.07125461301518743,-0.32073526257765494,0.4165100811011412,-0.08256074933579244,-0.47030924675442987,0.175482183981352,0.5947402784952239,-0.3329244562492433,0.025829867856904637,0.3035493594933296,-0.14950290414737716,-0.20857400462967055,-0.0988708785092819,-0.46001979686812133,0.02833763095493211,-0.32628825842399173,-0.04066626580847768,-0.3152694197530246,-0.33376772842677704,-0.2102753787285968,-0.02839475660270585,-0.4426973457340672,0.9875068550049225,0.28578199219530837,0.043236138479278825,0.08843962613841994,0.36356205006752235,-0.6220076001183953,0.437391773030633,0.33100820893658317,0.7241137571498095,0.4729658523292155,-0.06559543704443055,0.023197270625865987,-0.22971707806842195,0.1227702527889668,-0.342909288729061,-0.3822314869109894,0.049898952859636594,-0.008472071951573842,-0.23421565391479596,-0.2929521601021033,-0.06718730769233795,-0.19131324907202762
NOUN,0.21676716882529168,-0.258236101444225,-0.34999181763395637,-0.307936380853969,-0.514928945274661,0.08382202556455524,1.0,-0.20146600462133643,-0.4354859748914412,0.10553398397975071,0.15607716463377863,-0.33365725289101217,0.38151090134159804,-0.3365674488048718,-0.33486491459794493,0.11983698623892823,0.021272808099370186,-0.06927612922157264,-0.2324908600485933,-0.2774217371425829,-0.13215928515740633,-0.08268356711705922,0.3657821030805022,0.263308199596817,-0.130910435108269,0.3752801405621266,0.02161055709941004,0.4507122426080028,0.12965439933580142,0.14431079321883167,-0.10671183567892822,-0.053319643725414104,-0.3601113824579518,0.0400844622024049,0.12483128610445826,0.06383944137973942,0.3523482312069676,0.21206959762643457,0.03816212025470209,-0.3989367739873274,-0.3631870652610483,-0.04444033545603766,-0.1288365469631697,0.5054741430819505,0.6383984286825736,-0.633337436898138,0.202884685105682,-0.6690026474549146,-0.5984915720020159,0.24854876924440186,-0.3084750435945039
SCONJ,0.43410371314947327,-0.3931251517136894,-0.1479847053581534,0.04556934077708121,0.3361027832572862,0.07125461301518743,-0.20146600462133643,1.0,0.06439113050849274,0.034828417840163065,0.47647306009345997,-0.1652529789344392,-0.4887368813752025,-0.14591966301650444,-0.42414247561348706,-0.20018817026364163,0.4867292743282313,-0.20035362112796187,0.42197963674266703,-0.4922075997628919,0.4660301861900725,0.9732546596857004,-0.45552434189585117,-0.16242238266184672,0.02890348659954473,-0.2921996949571424,-0.4960189528533385,-0.5181019784555105,0.4551889816631961,0.020263653587344263,0.00384903336714602,0.33625251092210434,0.4090991500070422,-0.27888709085424906,-0.05085022243239645,0.3547148471997477,-0.15980567817163482,0.0018385680625127394,-0.07342399638235371,0.08195637051289567,0.09358558132681256,0.07450258185439304,-0.449921027716595,-0.2109844609192451,0.22166762633385334,0.329475823342811,0.16545300240407532,-0.015684273675916665,0.2748923813059133,0.0994782545569287,-0.4073519078085243
VERB,-0.26581165294511033,-0.14391637458588113,-0.11847010355659579,-0.11488905131432468,0.4859933415192606,-0.32073526257765494,-0.4354859748914412,0.06439113050849274,1.0,-0.29209929211925606,-0.3748402751753993,-0.07697008256902726,-0.22921340103270588,-0.4188235912693739,0.11998667778819842,-0.5390219241374505,-0.6979894028032739,0.04377266592536634,0.24840433933180428,0.12069800195507245,0.5040845983868977,0.04903543353186623,0.29072860037345316,-0.16920836113503762,-0.45179898672280383,-0.16615854090783572,0.20144448916982977,-0.3335488103777192,0.3020260531875525,-0.2660210832371127,-0.2037211318054385,-0.22902080400290498,0.48043828534427446,0.35237101459585785,-0.10866365137308662,-0.3472380110881866,-0.3430619755395663,-0.4031545240185619,-0.5452232636266494,0.5572308650151558,0.3167487077594321,0.28489632303560597,-0.3914563573185722,0.17947603262287667,0.005847685631228336,0.25210481580993926,0.18221361342997977,0.15705481257314552,0.20501087736836937,-0.40699312738603427,0.08633759252370445
ADP,0.5328951535869882,-0.03211803029434017,-0.23526419409141164,-0.4006354044610495,-0.5002531148095632,0.4165100811011412,0.10553398397975071,0.034828417840163065,-0.29209929211925606,1.0,-0.3147781844420608,0.1280103777224151,0.14481704265957077,0.16704409790212313,-0.2945697574807037,0.4823695484774034,0.2893441849474578,-0.2767648116310592,-0.02256836689374247,-0.16929096832732524,0.1252260714642241,0.11804201183965438,-0.15476413561568939,0.07121877691766915,-0.29441640828649235,0.36052606542807875,-0.32451018930728875,-0.1250908501035642,-0.4335825076601963,0.36034830177781113,-0.13746309879715918,-0.4707256902287704,0.10058987632442988,0.004405938329666795,0.1521581834322481,0.32275085294023437,0.10005608032019206,0.36540573648190333,0.9084492318789392,-0.2920558566321555,-0.1565252850277051,-0.728440972559697,-0.21705368552223137,0.1866135666022509,-0.34280561350629596,0.3727457806285885,-0.21046529529195862,-0.06623078170690043,-0.4350118103142203,-0.2058728578160509,-0.11053839684651262
PROPN,-0.11298930755259186,0.2941704236439259,0.09262453326817954,0.6686135715487361,0.054655514731605695,-0.08256074933579244,0.15607716463377863,0.47647306009345997,-0.3748402751753993,-0.3147781844420608,1.0,-0.3600075316971802,-0.34192735325203305,0.1868972134684508,0.18378769025880082,-0.41306239938348954,0.29859350870106816,0.5190960739659624,-0.21183539338838872,0.10304832073409728,-0.24672958193627906,0.46388504492221366,-0.6441604173063864,-0.0071876926743204075,0.28288302268811877,-0.019396111254351023,-0.41971976802682237,-0.07111716247581085,0.3190931672899505,-0.13816242221388506,0.3172601819440979,0.43241552114524723,0.10837499313776308,-0.37538406534227026,0.28586378606589674,0.6339732610988843,-0.09812879567156337,-0.017464483569079026,-0.21799085918417846,-0.18670625504532043,0.2674705358387559,0.32466354506573813,-0.2389760429559055,-0.09888371657153784,0.5292533079088414,0.09169402404042941,0.24719906044681492,-0.39706499606876533,0.4614180166675207,0.4947907972429681,0.22105236312765725
PRON,-0.17543757784152095,0.0932697408283025,0.044248648363824375,-0.3106063203370865,0.10473942817722365,-0.47030924675442987,-0.33365725289101217,-0.1652529789344392,-0.07697008256902726,0.1280103777224151,-0.3600075316971802,1.0,-0.1887226330165001,-0.2111725980383947,-0.07674342489996226,0.59236223698432,0.19269996980050572,-0.46039437942050876,0.35986305584164835,0.06450555023478242,0.3987569699154771,-0.18155729371408888,0.33110776547094506,0.3817002304628381,0.4092974915094963,0.06885916897698277,0.06543476396034284,-0.0910742798184641,-0.11083025734330365,-0.5245785031482872,-0.07836612671334278,-0.2344292204976583,-0.32613605901119547,-0.4267734427425401,0.4359799699911057,-0.36802231480106506,-0.3650413185573032,-0.364667685038444,0.26249926505986865,-0.2939488545323688,-0.28843208312842833,-0.15859420969696808,0.3533424700312521,0.022286985034148315,-0.4155361870805926,0.05933078383505886,-0.17025642592500248,0.736450644660836,-0.1343397038559126,0.155780740728149,0.06684999321746234
NUM,0.4367140289792425,-0.23307266518548272,-0.2295217309281203,-0.19817633571547114,-0.0772529578426666,0.175482183981352,0.38151090134159804,-0.4887368813752025,-0.22921340103270588,0.14481704265957077,-0.34192735325203305,-0.1887226330165001,1.0,0.19779639910274455,0.016566042841562982,0.3704960071172397,-0.1929868479152812,-0.08193415980011891,-0.217129162434891,-0.3333120282476434,-0.4463066830758592,-0.440282075055852,0.27351752774352883,-0.09911550364074923,-0.1938161225606073,0.2602689310741834,0.11656468330717094,0.8191429407651027,-0.5832331298185728,0.2823988837592797,-0.1501508279051635,0.21013440628893257,-0.21621009668897576,0.4516440768863984,-0.2580824893217985,-0.37062946379149475,0.8896443636196951,0.5011339992740833,0.06600641027744189,0.3982978430602557,-0.3249401889443135,0.01168802112021415,0.13802536594689918,-0.23563433760155506,-0.150405253531488,-0.25757734912911895,-0.05366284692182959,0.03143162656059151,-0.2831137486492941,-0.42355586442020887,-0.3259360422453379
ADJ,0.010804409937017824,0.5024051194368533,0.34087608076718995,0.5609800843212208,-0.17203589024257987,0.5947402784952239,-0.3365674488048718,-0.14591966301650444,-0.4188235912693739,0.16704409790212313,0.1868972134684508,-0.2111725980383947,0.19779639910274455,1.0,0.3972762645802863,0.03192190657601511,0.22743985374854583,0.38731222974467583,-0.37516040435995707,0.3563241411257133,-0.7870051449036204,-0.2193702758818451,-0.6995934164562461,-0.16743831940627285,0.058681614466114126,-0.14516370875193838,-0.23615563086068256,0.11153605942278548,-0.6900832950478389,0.5438167542539128,0.3774515347215084,0.2033352451122252,0.02844454918311641,0.18946741538256395,-0.30507469179362784,0.4364866603711669,0.2759294343126596,0.48524420527860984,0.37661698943905453,0.09193066116863824,0.2180667548401257,-0.07709113031583677,0.3421532230932313,-0.6357631910665762,-0.5749129952305126,0.34599981901731997,-0.15840519749470053,0.08935780734293212,0.33801831610145805,-0.09783665042094583,0.3807128991255356
advmod:emph,-0.6181700878475112,0.8120026741524596,0.34038215626832596,0.7971619221320736,0.2989423137092483,-0.3329244562492433,-0.33486491459794493,-0.42414247561348706,0.11998667778819842,-0.2945697574807037,0.18378769025880082,-0.07674342489996226,0.016566042841562982,0.3972762645802863,1.0,-0.2246579105856885,-0.3376098700420053,0.8628484925650471,-0.3176001351279961,0.696518654702077,-0.4268806623974573,-0.41588985711025284,-0.3514870657878069,-0.39121095402774747,0.18987143133959145,0.35003295586102345,0.2475606386970135,0.029409388455219676,-0.12737722469978413,-0.3498882840134502,-0.094314649756595,-0.08381084595399683,-0.03889193087232225,0.07093843283212842,0.14542013086021496,-0.02559175297527847,-0.12262495939746057,-0.375692284239264,-0.19516212431519062,0.17396210055493116,0.303783159473568,0.002873674125852415,0.20835272813869446,-0.012963249779850972,-0.012338669680436806,0.18235310624375567,-0.27746282858182103,-0.06749111416523257,0.7134596395345586,-0.24230336929178664,0.7713623599125157
obl:arg,0.3769187189827275,-0.15808073621834842,-0.11411985841576867,-0.396008700790596,-0.08517206631105112,0.025829867856904637,0.11983698623892823,-0.20018817026364163,-0.5390219241374505,0.4823695484774034,-0.41306239938348954,0.59236223698432,0.3704960071172397,0.03192190657601511,-0.2246579105856885,1.0,0.5654699471990443,-0.5257445352336506,0.3286931060817748,-0.3564755506545897,0.07329934223676084,-0.13895000436747748,0.23892992542271393,0.04768470441022435,0.34235270111508465,0.3488456972835424,0.08419519397543976,0.17287825971890436,-0.3461460705507606,0.00907667060126352,-0.3998406468401233,-0.1281321515669177,-0.616842090806092,-0.16085164712049124,-0.019065828438639625,-0.3942224411217206,0.276165158353624,0.04875742302543425,0.5864491423829097,-0.33098907510066006,-0.7123370643406387,-0.5710391945535199,0.5373590270102165,-0.06545563446289941,-0.33331011818756956,-0.27403295869397826,-0.4277991469654514,0.34733102682411027,-0.31632641268119777,-0.18359805826790934,-0.3659835636794444
aux,0.4164604977271589,-0.1502283984074908,0.12652398766654027,0.02054174213323465,-0.06655675379269345,0.3035493594933296,0.021272808099370186,0.4867292743282313,-0.6979894028032739,0.2893441849474578,0.29859350870106816,0.19269996980050572,-0.1929868479152812,0.22743985374854583,-0.3376098700420053,0.5654699471990443,1.0,-0.32524833647569434,0.2942015449292572,-0.3933751579955169,0.005534426149854665,0.4746921314856648,-0.3905912546412822,-0.11111111111111116,0.5312602344545209,-0.06263030866770387,-0.21572414770589177,-0.24623232680826035,0.06259486952587714,0.21698627361507966,-0.06110359826389361,0.25075028218733114,-0.32990362903679793,-0.4572098997319523,-0.14410676866666858,0.214723495001417,0.059782245905182704,0.13721472883104863,0.4831136440748673,-0.464086215561472,-0.37730290893824947,-0.434251407297628,0.36847877245657645,-0.2893045755722886,-0.06620809553961085,-0.11111111111111108,-0.33042603241915885,0.04456551597106611,0.03602779155875666,0.2170900637053983,-0.37255174011676756
flat,-0.5299746503818775,0.7663491038097154,0.23048775861965037,0.8720135350433926,0.10414921297275091,-0.14950290414737716,-0.06927612922157264,-0.20035362112796187,0.04377266592536634,-0.2767648116310592,0.5190960739659624,-0.46039437942050876,-0.08193415980011891,0.38731222974467583,0.8628484925650471,-0.5257445352336506,-0.32524833647569434,1.0,-0.47243557711463785,0.6583036899881894,-0.48852517735995943,-0.17441345941068795,-0.5329714191953311,-0.32524833647569446,0.004500126919854901,0.31928631061508367,0.015095720491653272,-0.013002255208309395,0.014925827036417412,-0.16903455923971403,0.058790044529533646,-0.02608088778738862,0.13352217240134265,0.0906868561052339,0.17487514862884762,0.3555553284746972,-0.11494105344934875,-0.21473291854786172,-0.23490003390203,0.08340115246363983,0.4453145441609978,0.11174961758932961,-0.10465092790524126,0.10410606078734824,0.2911277718151247,0.1972029511681874,-0.0349145216758377,-0.46186305770711295,0.6522638399868377,-0.05994606520946388,0.7495797396066574
nsubj,0.08991937694422898,-0.3267217882206672,-0.560752644767422,-0.26172520706431346,0.6036522196316427,-0.20857400462967055,-0.2324908600485933,0.42197963674266703,0.24840433933180428,-0.02256836689374247,-0.21183539338838872,0.35986305584164835,-0.217129162434891,-0.37516040435995707,-0.3176001351279961,0.3286931060817748,0.2942015449292572,-0.47243557711463785,1.0,-0.3180525940469813,0.6915648088150268,0.4997921585850846,0.22423402940510098,0.10190195049241882,-0.11298283219530414,0.1326855557058062,-0.2515815385624664,-0.533727708358595,0.190138365587863,-0.19879841759786288,-0.6650306073599855,-0.21734500086590808,-0.3492604220224001,0.1966381744606901,-0.22561125900826023,-0.44045705728898704,-0.2946217325784682,-0.5262550001857925,-0.15479335640822886,-0.0569927663799003,-0.6669859895865371,0.018348945045411423,0.11380714520119566,0.04643008166050008,-0.004382799685352337,-0.17749147692981748,0.21607628023761438,0.32240312123328624,0.11935386695299582,-0.4230114881125001,-0.37909552875971725
root,-0.8687481869244078,0.9020289907416106,0.23722539589181077,0.546481775766619,-0.15057119306936165,-0.0988708785092819,-0.2774217371425829,-0.4922075997628919,0.12069800195507245,-0.16929096832732524,0.10304832073409728,0.06450555023478242,-0.3333120282476434,0.3563241411257133,0.696518654702077,-0.3564755506545897,-0.3933751579955169,0.6583036899881894,-0.3180525940469813,1.0,-0.334726572744095,-0.49517751834037654,-0.2074918810332107,0.20551513431500287,-0.06761714404882584,0.1570133054547557,0.035796874764837484,-0.22626412284655162,-0.19866880551845925,-0.15008773536984665,0.19726873313228804,-0.4677054090231557,-0.08265439389919328,0.12403402236634811,0.24787029635239916,0.2663563596585449,-0.5611380772566265,-0.355003179051199,-0.020961202578843752,-0.26343085178103703,0.3308168231863559,0.09511636433167421,0.18425338513907702,0.22369988435138594,-0.14680564606685786,0.17463090877721116,0.09462786834476787,-0.09407288196332275,0.31381813641284173,0.1024294287506676,0.9663712416573547
advcl,0.1032756205979307,-0.41930623856446697,-0.4171139329127309,-0.5110764887783887,0.35377916572490964,-0.46001979686812133,-0.13215928515740633,0.4660301861900725,0.5040845983868977,0.1252260714642241,-0.24672958193627906,0.3987569699154771,-0.4463066830758592,-0.7870051449036204,-0.4268806623974573,0.07329934223676084,0.005534426149854665,-0.48852517735995943,0.6915648088150268,-0.334726572744095,1.0,0.5307724245354523,0.37315054198169517,0.12680850172687058,-0.1506238418395175,0.10399502498445283,-0.09669109479625776,-0.5461392779127044,0.5250310453527164,-0.4677381045595937,-0.459732159576219,-0.34847958590504285,0.12697101156977275,-0.1668831429807232,0.25241693748127786,-0.2841643285322339,-0.4987370009331623,-0.5357797020143199,-0.1066118663936411,-0.06816521258155651,-0.22100947624157546,-0.09693142148231791,-0.3905800666263131,0.43780989382422,0.20486605253465084,0.0870790757837759,0.13513073052216942,0.19386934759526792,-0.1223238956834354,-0.1234575830682258,-0.32620403174792895
mark,0.4407081419684872,-0.36991739730027245,-0.3227072353365952,0.017087919492653154,0.3366905110620278,0.02833763095493211,-0.08268356711705922,0.9732546596857004,0.04903543353186623,0.11804201183965438,0.46388504492221366,-0.18155729371408888,-0.440282075055852,-0.2193702758818451,-0.41588985711025284,-0.13895000436747748,0.4746921314856648,-0.17441345941068795,0.4997921585850846,-0.49517751834037654,0.5307724245354523,1.0,-0.4088275748702446,-0.12835455829383666,-0.06834836725414652,-0.08225778199483344,-0.5552939036738043,-0.5430095775650393,0.45059084322054066,-0.015369719527773102,-0.1702305555072574,0.19330342718588395,0.30958806915568415,-0.1992407125644714,-0.0036352088048816644,0.332855281347285,-0.17011646124659174,-0.08210033980953696,-0.041863491413205056,0.0015524677503846046,-0.04845841511735836,0.010510505053301884,-0.49638315504285313,-0.05239916908369968,0.32468032558006277,0.2647796973887848,0.21594489933117061,-0.12455860264377074,0.24060896375242516,-0.00011661099225849383,-0.4061902675881111
det,-0.08390811279091354,-0.45276221533191235,-0.2762026462219751,-0.7278623651596858,-0.05225516525154753,-0.32628825842399173,0.3657821030805022,-0.45552434189585117,0.29072860037345316,-0.15476413561568939,-0.6441604173063864,0.33110776547094506,0.27351752774352883,-0.6995934164562461,-0.3514870657878069,0.23892992542271393,-0.3905912546412822,-0.5329714191953311,0.22423402940510098,-0.2074918810332107,0.37315054198169517,-0.4088275748702446,1.0,0.34188171372950515,-0.13753662848486506,0.06945085591246332,0.4590328818631667,0.2904430806283356,0.1417451031618364,-0.22853288051460088,-0.28299050351572924,-0.2636610569401531,-0.35270626344562067,0.171671630147846,0.003080852398363313,-0.7245282629753682,0.027517619429183432,-0.21652492799980377,-0.25753392742532943,-0.03305657921952695,-0.4162466160647212,0.11006751295454041,0.13579437015131546,0.4228535149474228,0.12112086672147565,-0.5922368683432729,0.11943044996229267,0.14684400069657683,-0.6240008020367557,-0.0476221343174195,-0.3442521399254676
advcl:pred,-0.21270145052629436,0.0635326203496031,-0.45465868106050134,-0.3496913034683318,-0.39050328059515477,-0.04066626580847768,0.263308199596817,-0.16242238266184672,-0.16920836113503762,0.07121877691766915,-0.0071876926743204075,0.3817002304628381,-0.09911550364074923,-0.16743831940627285,-0.39121095402774747,0.04768470441022435,-0.11111111111111116,-0.32524833647569446,0.10190195049241882,0.20551513431500287,0.12680850172687058,-0.12835455829383666,0.34188171372950515,1.0,-0.2801129939066257,0.009649810823267265,-0.477129621850051,0.07144342615289198,-0.25485008863247255,-0.046146055665665695,0.27934250921332393,-0.3204832436709246,-0.26438836048925424,0.05672341141703849,0.4042660039176392,0.18190887491786042,-0.30226786392097305,0.007787523150650762,0.090472687462522,-0.46408621556147195,-0.24451457472925642,0.3899607132010934,-0.07778699326397326,0.24003308216804875,-0.06892431467466162,-0.11111111111111109,0.7129187947975689,0.1625665074087842,-0.535330526825602,0.42352668515659225,0.1345775335116045
csubj,-0.11056435023303497,0.11223201569259679,0.6794801796644185,0.26792146143840884,0.11630460800687643,-0.3152694197530246,-0.130910435108269,0.02890348659954473,-0.45179898672280383,-0.29441640828649235,0.28288302268811877,0.4092974915094963,-0.1938161225606073,0.058681614466114126,0.18987143133959145,0.34235270111508465,0.5312602344545209,0.004500126919854901,-0.11298283219530414,-0.06761714404882584,-0.1506238418395175,-0.06834836725414652,-0.13753662848486506,-0.2801129939066257,1.0,-0.1745493648713938,0.42986561295991665,0.1150423633503576,0.30465110014203983,-0.37947514399821564,0.16471944526431292,0.47817890880918157,-0.26130432726924485,-0.791645846020741,0.16994786927583896,-0.14307012693846863,-0.00964185639344641,-0.15122560242874353,0.026466169446432795,-0.2158001271907543,0.03954891621752901,-0.18415778051789425,0.5410020420772155,-0.27106211018383075,0.03234428280162165,-0.1837400831850825,-0.6161980479930163,0.24896462646746975,0.27633269183836123,0.4730669182393112,-0.016324335159238326
xcomp,-0.08571762535199275,0.36748376775035757,-0.5029360864725241,0.09153359249769505,0.02343002869078111,-0.33376772842677704,0.3752801405621266,-0.2921996949571424,-0.16615854090783572,0.36052606542807875,-0.019396111254351023,0.06885916897698277,0.2602689310741834,-0.14516370875193838,0.35003295586102345,0.3488456972835424,-0.06263030866770387,0.31928631061508367,0.1326855557058062,0.1570133054547557,0.10399502498445283,-0.08225778199483344,0.06945085591246332,0.009649810823267265,-0.1745493648713938,1.0,-0.12361817756211359,0.01788796542178925,-0.12524045538269432,-0.32621515168631743,-0.6811873748091962,-0.563452254354558,-0.42493569990210184,0.16179598209024817,0.37818280454260983,-0.10029375038070167,-0.013386220973628331,-0.3913437558847574,0.22735967628914988,-0.3148528689492021,-0.4717813285467529,-0.3840805758145236,-0.07901225088286588,0.6002214476855434,0.3309260385113152,-0.1443241139129823,-0.03540285329974605,-0.3576810387774346,0.03224222012094004,-0.4008303262890832,0.23402135292034693
obl,-0.24525260353208803,-0.09252678848499823,0.6007070299756143,-0.10919193221576232,0.011202120919265061,-0.2102753787285968,0.02161055709941004,-0.4960189528533385,0.20144448916982977,-0.32451018930728875,-0.41971976802682237,0.06543476396034284,0.11656468330717094,-0.23615563086068256,0.2475606386970135,0.08419519397543976,-0.21572414770589177,0.015095720491653272,-0.2515815385624664,0.035796874764837484,-0.09669109479625776,-0.5552939036738043,0.4590328818631667,-0.477129621850051,0.42986561295991665,-0.12361817756211359,1.0,0.22099782251543298,0.3230278238575833,-0.1684443255000962,-0.1082643326391138,0.06604300133864163,-0.13606243301520063,-0.16501284686419188,-0.21320559051250265,-0.5903850445949199,0.0924197286630586,-0.17859806797208871,-0.2118760698303509,0.11942622466558626,0.11408477937314833,-0.2560774663021253,0.4501508991952175,0.12744031962088698,0.058898960793527536,-0.4247482057627121,-0.6683304852450772,-0.01474588021535898,-0.05073928114148596,-0.006149048148784364,-0.04606943201113843
nmod,0.24360336986438078,-0.1579319651253377,0.07646956265798195,-0.11290365835616989,-0.23211484889646253,-0.02839475660270585,0.4507122426080028,-0.5181019784555105,-0.3335488103777192,-0.1250908501035642,-0.07111716247581085,-0.0910742798184641,0.8191429407651027,0.11153605942278548,0.029409388455219676,0.17287825971890436,-0.24623232680826035,-0.013002255208309395,-0.533727708358595,-0.22626412284655162,-0.5461392779127044,-0.5430095775650393,0.2904430806283356,0.07144342615289198,0.1150423633503576,0.01788796542178925,0.22099782251543298,1.0,-0.3832753673042368,0.058144878868082825,0.2853085295072428,0.4567554276075122,-0.10737906615847924,0.045122187220573366,0.06256306768813717,-0.22223692006564458,0.7857460755382987,0.5311675929699052,-0.08073615862154013,0.30507933351801236,-0.01531267534197218,0.24936579432649583,0.10186903157810512,-0.24749958025896163,-0.009575187155127004,-0.26166287029867574,-0.018738867669652506,0.0641361945921508,-0.32032072716286153,0.11713009456480482,-0.19254668385012966
advcl:cmpr,-0.16305523625155233,-0.2763209383911554,0.15127219402284345,-0.0002908003791110281,0.2662518224791689,-0.4426973457340672,0.12965439933580142,0.4551889816631961,0.3020260531875525,-0.4335825076601963,0.3190931672899505,-0.11083025734330365,-0.5832331298185728,-0.6900832950478389,-0.12737722469978413,-0.3461460705507606,0.06259486952587714,0.014925827036417412,0.190138365587863,-0.19866880551845925,0.5250310453527164,0.45059084322054066,0.1417451031618364,-0.25485008863247255,0.30465110014203983,-0.12524045538269432,0.3230278238575833,-0.3832753673042368,1.0,-0.44980217959264046,-0.1636981725032236,0.12392994712193661,0.13089446092808288,-0.455520557628626,0.12841843384574855,-0.09363454622872774,-0.40707405671502905,-0.5111223440292483,-0.48637477364482995,-0.12192376524706046,0.14371240322315035,0.045579421545198506,-0.2280933699179543,0.4035215630507787,0.7241816103383077,-0.2548500886324726,-0.09635492836983729,-0.33012237523757587,0.16105840924941442,0.3151797377585489,-0.1961014881280559
cc,0.43190710566874496,-0.22374136074377737,0.008540407008317732,-0.1472716522209164,-0.4867128753779821,0.9875068550049225,0.14431079321883167,0.020263653587344263,-0.2660210832371127,0.36034830177781113,-0.13816242221388506,-0.5245785031482872,0.2823988837592797,0.5438167542539128,-0.3498882840134502,0.00907667060126352,0.21698627361507966,-0.16903455923971403,-0.19879841759786288,-0.15008773536984665,-0.4677381045595937,-0.015369719527773102,-0.22853288051460088,-0.046146055665665695,-0.37947514399821564,-0.32621515168631743,-0.1684443255000962,0.058144878868082825,-0.44980217959264046,1.0,0.24234217579913514,0.0677751774982874,0.06960069318551523,0.4613915191492057,-0.6826952310920591,0.34232598310315254,0.4173251562985573,0.7398800858381279,0.38338567976571125,0.018224819972173813,-0.019534881058327045,-0.16252759486131535,0.11355984084592143,-0.33815148148441554,-0.345999726368372,-0.027816594673224764,0.037225625541327974,-0.2479872326096559,-0.33076277223468786,-0.13238894810212062,-0.2555335392405641
nsubj:pass,-0.05225736492133584,0.10985427821097637,0.522633881040804,0.13302327206310052,-0.4703399530471007,0.28578199219530837,-0.10671183567892822,0.00384903336714602,-0.2037211318054385,-0.13746309879715918,0.3172601819440979,-0.07836612671334278,-0.1501508279051635,0.3774515347215084,-0.094314649756595,-0.3998406468401233,-0.06110359826389361,0.058790044529533646,-0.6650306073599855,0.19726873313228804,-0.459732159576219,-0.1702305555072574,-0.28299050351572924,0.27934250921332393,0.16471944526431292,-0.6811873748091962,-0.1082643326391138,0.2853085295072428,-0.1636981725032236,0.24234217579913514,1.0,0.44113286354701886,0.45591660529218875,-0.33123241999371844,0.1742259024381808,0.556020998068319,0.040921018184247496,0.5741644674155063,0.059426972818685704,0.05139581822161455,0.6865641007090513,0.3656961529464929,-0.10679294084548056,-0.41624654944036926,-0.2628514754174582,0.3427125004019422,0.14256341921631896,0.14306341209314022,-0.1311924412036473,0.71611081467106,0.21753641862412004
discourse,0.35482413554480363,-0.34994765151830176,0.39191243674111964,0.2478974192910379,0.2579618163938616,0.043236138479278825,-0.053319643725414104,0.33625251092210434,-0.22902080400290498,-0.4707256902287704,0.43241552114524723,-0.2344292204976583,0.21013440628893257,0.2033352451122252,-0.08381084595399683,-0.1281321515669177,0.25075028218733114,-0.02608088778738862,-0.21734500086590808,-0.4677054090231557,-0.34847958590504285,0.19330342718588395,-0.2636610569401531,-0.3204832436709246,0.47817890880918157,-0.563452254354558,0.06604300133864163,0.4567554276075122,0.12392994712193661,0.0677751774982874,0.44113286354701886,1.0,0.2274640733691569,-0.29989087191973596,-0.224428572366547,0.0036118354751154273,0.5545270919721906,0.43124493065691055,-0.35356474401401977,0.4828760203607213,0.2551695207188902,0.41208766013072756,0.06430225974383219,-0.7341331528868467,0.05601443892926486,-0.01571177862306625,-0.0997427368291449,0.19433153647032955,0.26737475754714507,0.28449363101346625,-0.3986572453496416
csubj:pass,0.2435163011552311,-0.14233745465828787,0.23068452547710522,0.04215560272650455,0.014613439003152193,0.08843962613841994,-0.3601113824579518,0.4090991500070422,0.48043828534427446,0.10058987632442988,0.10837499313776308,-0.32613605901119547,-0.21621009668897576,0.02844454918311641,-0.03889193087232225,-0.616842090806092,-0.32990362903679793,0.13352217240134265,-0.3492604220224001,-0.08265439389919328,0.12697101156977275,0.30958806915568415,-0.35270626344562067,-0.26438836048925424,-0.26130432726924485,-0.42493569990210184,-0.13606243301520063,-0.10737906615847924,0.13089446092808288,0.06960069318551523,0.45591660529218875,0.2274640733691569,1.0,-0.11460971731564437,0.12561080244925674,0.410445178558699,-0.012997806924944231,0.32737960310073616,-0.05926722702973319,0.5513928068134984,0.8286755839963076,0.12446574888984255,-0.730822402055479,-0.185889348978729,-0.09692352073829912,0.7683073262269837,0.026974988735523807,0.02959875881993532,0.14523072448454635,0.05797063665160016,0.035187665159537806
acl,-0.021100323937505293,-0.0296788757713335,-0.5385835901709722,-0.04809711485458816,0.12436159296412312,0.36356205006752235,0.0400844622024049,-0.27888709085424906,0.35237101459585785,0.004405938329666795,-0.37538406534227026,-0.4267734427425401,0.4516440768863984,0.18946741538256395,0.07093843283212842,-0.16085164712049124,-0.4572098997319523,0.0906868561052339,0.1966381744606901,0.12403402236634811,-0.1668831429807232,-0.1992407125644714,0.171671630147846,0.05672341141703849,-0.791645846020741,0.16179598209024817,-0.16501284686419188,0.045122187220573366,-0.455520557628626,0.4613915191492057,-0.33123241999371844,-0.29989087191973596,-0.11460971731564437,1.0,-0.568870549144695,-0.20419197749841275,0.23473696289051613,0.08989686588914764,-0.19924319687304834,0.3438841646405117,-0.2779875848295154,0.23636541144081813,-0.013325842867950426,-0.013322383672958316,-0.16023870812985017,-0.13842689418542833,0.4318321987744825,-0.1356318687625687,-0.04604539987089238,-0.7068485447946737,0.008881965789161506
expl:pass,-0.23312902428421856,0.3654357634175432,-0.05791639600148451,0.03505081579110181,-0.1780136353414001,-0.6220076001183953,0.12483128610445826,-0.05085022243239645,-0.10866365137308662,0.1521581834322481,0.28586378606589674,0.4359799699911057,-0.2580824893217985,-0.30507469179362784,0.14542013086021496,-0.019065828438639625,-0.14410676866666858,0.17487514862884762,-0.22561125900826023,0.24787029635239916,0.25241693748127786,-0.0036352088048816644,0.003080852398363313,0.4042660039176392,0.16994786927583896,0.37818280454260983,-0.21320559051250265,0.06256306768813717,0.12841843384574855,-0.6826952310920591,0.1742259024381808,-0.224428572366547,0.12561080244925674,-0.568870549144695,1.0,0.2736351727677733,-0.3703104040625073,-0.26538225917902614,0.14828275602816418,-0.33298652410712426,0.21684080939793626,0.0035289023967154404,-0.4068263712750572,0.4464952234818622,0.2428359652980255,0.3113399889601393,0.1189336811310176,0.03262259923728904,-0.06436373956542292,0.4657000125389388,0.4013025814400167
amod,0.0540133586088974,0.3538776104069424,0.09530284092675861,0.35434917085924095,-0.5048342761694177,0.437391773030633,0.06383944137973942,0.3547148471997477,-0.3472380110881866,0.32275085294023437,0.6339732610988843,-0.36802231480106506,-0.37062946379149475,0.4364866603711669,-0.02559175297527847,-0.3942224411217206,0.214723495001417,0.3555553284746972,-0.44045705728898704,0.2663563596585449,-0.2841643285322339,0.332855281347285,-0.7245282629753682,0.18190887491786042,-0.14307012693846863,-0.10029375038070167,-0.5903850445949199,-0.22223692006564458,-0.09363454622872774,0.34232598310315254,0.556020998068319,0.0036118354751154273,0.410445178558699,-0.20419197749841275,0.2736351727677733,1.0,-0.1832612879940512,0.3796179253066204,0.3803464926429969,-0.3155658787534467,0.48072494395011756,-0.029847705271035054,-0.42323993741735866,-0.016114452323886624,0.05790294837955961,0.4943395100085333,0.23245544364025286,-0.40666163253245824,0.04899593657596207,0.4511284798911893,0.3542338040557343
nummod,0.6624695128416107,-0.4101432501659271,-0.0216519234138249,-0.1175744649126821,-0.07236524013489676,0.33100820893658317,0.3523482312069676,-0.15980567817163482,-0.3430619755395663,0.10005608032019206,-0.09812879567156337,-0.3650413185573032,0.8896443636196951,0.2759294343126596,-0.12262495939746057,0.276165158353624,0.059782245905182704,-0.11494105344934875,-0.2946217325784682,-0.5611380772566265,-0.4987370009331623,-0.17011646124659174,0.027517619429183432,-0.30226786392097305,-0.00964185639344641,-0.013386220973628331,0.0924197286630586,0.7857460755382987,-0.40707405671502905,0.4173251562985573,0.040921018184247496,0.5545270919721906,-0.012997806924944231,0.23473696289051613,-0.3703104040625073,-0.1832612879940512,1.0,0.7018280514867072,0.06240418597955353,0.471556347912442,-0.14857982102448705,0.005857475098794039,0.0711786430720504,-0.464013092198562,-0.08423653932021402,-0.17804062919193203,-0.16613303530446855,-0.026666561929400413,-0.19074488950165808,-0.24909489691614034,-0.5216928540756244
conj,0.6507904669518606,-0.31737963221980525,0.15176639073325682,-0.20533448290246456,-0.5450748303899524,0.7241137571498095,0.21206959762643457,0.0018385680625127394,-0.4031545240185619,0.36540573648190333,-0.017464483569079026,-0.364667685038444,0.5011339992740833,0.48524420527860984,-0.375692284239264,0.04875742302543425,0.13721472883104863,-0.21473291854786172,-0.5262550001857925,-0.355003179051199,-0.5357797020143199,-0.08210033980953696,-0.21652492799980377,0.007787523150650762,-0.15122560242874353,-0.3913437558847574,-0.17859806797208871,0.5311675929699052,-0.5111223440292483,0.7398800858381279,0.5741644674155063,0.43124493065691055,0.32737960310073616,0.08989686588914764,-0.26538225917902614,0.3796179253066204,0.7018280514867072,1.0,0.3996842634159846,0.23176222549385725,0.2310086258354036,-0.024086991232211315,-0.11396655920998677,-0.504890434976423,-0.3523094697451402,0.1918404211542708,-0.014770534829108681,-0.023920933626951826,-0.4173477324536749,0.14779245793319726,-0.33700151046495774
case,0.3880681662440956,0.14280014185023893,0.06463811953604125,-0.24968056428380359,-0.610779457909203,0.4729658523292155,0.03816212025470209,-0.07342399638235371,-0.5452232636266494,0.9084492318789392,-0.21799085918417846,0.26249926505986865,0.06600641027744189,0.37661698943905453,-0.19516212431519062,0.5864491423829097,0.4831136440748673,-0.23490003390203,-0.15479335640822886,-0.020961202578843752,-0.1066118663936411,-0.041863491413205056,-0.25753392742532943,0.090472687462522,0.026466169446432795,0.22735967628914988,-0.2118760698303509,-0.08073615862154013,-0.48637477364482995,0.38338567976571125,0.059426972818685704,-0.35356474401401977,-0.05926722702973319,-0.19924319687304834,0.14828275602816418,0.3803464926429969,0.06240418597955353,0.3996842634159846,1.0,-0.46613616033927247,-0.12005115421367289,-0.7668231574076726,0.10136507719482063,0.03050074681899467,-0.4674133742955369,0.2985783890391641,-0.37591971912474664,0.022084896333571344,-0.37998274382570285,0.028444109718277547,0.01889546118174217
