,len,PUNCT,AUX,ADV,PART,CCONJ,NOUN,SCONJ,VERB,ADP,PROPN,PRON,NUM,ADJ,advmod:emph,obl:arg,flat,nsubj,root,advcl,mark,det,advcl:pred,csubj,xcomp,obl,nmod,advcl:cmpr,cc,nsubj:pass,discourse,csubj:pass,acl,expl:pass,amod,nummod,conj,appos,case,xcomp:pred,aux:pass,advmod:neg,cop,obj,ccomp,fixed,acl:relcl,advmod,orphan,punct
len,1.0,-0.9682072785446001,-0.07182885354160543,0.34074412394539294,0.5591583838642544,-0.36664087723002237,-0.12755588791962336,0.4845494742229014,-0.2336701488054858,0.20073563066154768,0.06469636732382497,-0.31573274309982774,-0.1411159279553584,0.5459211729458243,0.28304172591183485,0.11920503122661824,0.14993851690619234,-0.1954924497238286,-0.9815665648888487,0.4845539398923154,0.47596376785713157,0.0787846301409649,0.365859413558622,-0.05337601046866373,0.2460183002424619,0.1377614949720498,-0.08480428012916183,0.3266003976225086,-0.16990169904561297,0.34459175109060297,0.20427141044532618,-0.11978345819331025,0.055442315218786314,0.21134487855069192,0.4199366470736711,-0.2437744031375135,-0.02532929763592023,-0.10546353650613173,0.16866177489869139,0.11460950747278438,0.1272097245264099,0.40979172778268574,-0.0876404496165845,-0.4345447923442641,-0.27183014672782496,0.29225898138208967,-0.2709019364359329,0.21283791948864403,0.05109546779877415,-0.9908325048526702
PUNCT,-0.9682072785446001,1.0,0.06363828981210293,-0.3544595159078394,-0.4994691763866666,0.3349804060159535,0.08741613320308594,-0.4282777614241808,0.1992339537466476,-0.12177163379335844,-0.08741563573109278,0.21566505821485774,0.09833694310647759,-0.5105588340745865,-0.36059463259576574,-0.2147161651759023,-0.13350342480558844,0.053845160240208044,0.9795686662273151,-0.44996417931112415,-0.4121775999895612,-0.001909664841559023,-0.3225992641733872,0.017895026470785516,-0.29279659831609706,-0.030105899925813896,0.07750905613907501,-0.3160365977904997,0.1653867377190578,-0.37693234102160894,-0.2549862100037065,0.12127526298991964,-0.09987797514200751,-0.28537718914451526,-0.3711277560751572,0.19929295722257312,-0.04326058328749679,0.14950162384746557,-0.11078525722386402,-0.16616974731019035,-0.07951938445054064,-0.3434504477697397,0.03376821156309412,0.43922237946173004,0.3396884782449493,-0.2768335331741819,0.17871629147854914,-0.14381759783072098,-0.014622181677728245,0.9787747426159674
AUX,-0.07182885354160543,0.06363828981210293,1.0,0.2100913880883904,-0.1494623904612987,0.16319553584201477,-0.2652130237599606,0.092288759617697,-0.19730255697878257,-0.1571999377427995,0.20325698496579048,0.22246504593289046,-0.5130526809674579,0.007047944816025858,-0.11881163196890837,0.014673549935873656,-0.3838419622176427,0.1854795008446876,0.04824495820778502,0.2378294031385202,0.08165588345162389,-0.23779072075866886,-0.22258740343999683,0.23155739268733025,-0.13797372481334533,-0.15947145126482146,0.09097173875275763,-0.23515676354692353,0.3455865941754012,-0.036445951954837845,-0.2459311992898537,-0.06889558586479065,-0.41629167862777866,0.6871534312712596,-0.24509686346020834,-0.4930421115086764,0.10927395948543363,-0.17478294034744646,-0.13481673858345036,-0.31018069761539896,0.38704484462384803,0.03878159356863345,0.6918484244903533,-0.3755029070732427,-0.06150172936566118,-0.49952916732007613,0.4515054422543079,0.1812278667181012,0.18956889524596876,0.06067604612534109
ADV,0.34074412394539294,-0.3544595159078394,0.2100913880883904,1.0,0.13837420173173265,-0.4027326714293633,-0.25225722669020817,0.23220300254751705,-0.2749245103717401,0.12319897934674967,-0.1939151319729467,0.3809524856465636,-0.3962161560995205,-0.031203997864582993,0.7379835139122723,0.21363055072871887,-0.2917245252893438,-0.12630358835746258,-0.33844808903106716,0.302671912972699,0.2926696391805357,-0.06785641336566073,0.19370611242319888,-0.2315067249851237,-0.023912666494538888,-0.01843056728462326,-0.08944102523072663,0.048490477752167034,-0.38816529733667005,0.5225909655385036,-0.0004425311904635108,-0.047323017590107375,-0.5590064532993246,0.05425680780226287,0.02249192254726057,-0.3185551634624242,-0.09278634019835173,0.15623390185067712,0.09422370099528427,0.022672000958230066,0.35119526157289344,0.037396180124070005,0.01250334531446985,-0.4352360893947422,-0.22143370229870635,-0.25380821374452184,0.17957045309274922,0.6330703085130635,0.27999108023008384,-0.3271738727164614
PART,0.5591583838642544,-0.4994691763866666,-0.1494623904612987,0.13837420173173265,1.0,-0.3040110803126438,-0.6762427821820586,0.5337563188378839,0.24044598230030062,0.001657577694046843,0.023539504424992932,0.2094149987614369,-0.038815103609446296,-0.09215846414585405,-0.02059618815695188,0.1847298514336721,0.09701040497814713,0.18834912112867286,-0.5399078042813613,0.4072297480776747,0.557691175618559,0.04336623582227551,0.6374191954410269,0.06707026080836039,0.30656374383433804,-0.24517336161974312,-0.5400300432487524,0.5063859279171709,-0.23523612681022668,0.2326254326054368,0.5022362352958898,-0.5944988947288381,-0.03100252171521769,-0.15741367488944216,-0.14156730134383,-0.0932275891535968,-0.15483436770690023,0.0809748467308827,-0.07239894906281398,-0.3888624104870735,0.18324891767609403,0.5244494274727147,-0.2894504091443119,0.002844835986515117,-0.0720750173038117,0.006338288418322801,-0.06593816567391339,0.5860308309898445,-0.31204073989710085,-0.5572416245059482
CCONJ,-0.36664087723002237,0.3349804060159535,0.16319553584201477,-0.4027326714293633,-0.3040110803126438,1.0,0.2995495185890722,-0.4063644219462779,-0.045187693338926735,-0.0886980244406968,0.0350222819358568,-0.2604328973076404,0.005166682857586301,-0.1044423046874294,-0.4444787835273847,-0.15153786697662236,0.07965735332182619,0.17251643288381385,0.2967990119799184,-0.07221724723878699,-0.3440853669670722,0.13199743927178784,-0.43263136113919337,0.34261894374717794,-0.4727658886941974,-0.2957241614885109,0.036833620412038616,-0.3949074930571358,0.8785072120907803,-0.018570369829406196,0.1711537381729978,0.08804465858867679,-0.03619455016690908,0.19318947053155439,-0.15466819305599352,-0.015072895903556458,0.8319562661524016,-0.019382437954218647,-0.11925678932394726,0.10218322356126429,-0.10445850767620132,-0.010970069408329898,0.02193708430078977,0.009800732275696018,-0.13920895347964005,0.19921644944801292,0.0020888753201159637,-0.3530810318524711,0.1570180620125048,0.35656878390950303
NOUN,-0.12755588791962336,0.08741613320308594,-0.2652130237599606,-0.25225722669020817,-0.6762427821820586,0.2995495185890722,1.0,-0.6093682606091543,-0.4532189200174453,0.22878665413781693,-0.17832302149355525,-0.5371941114174108,0.29811852655152643,0.4759055800668279,-0.0486948495321823,-0.20398752066343825,0.38845219241096385,-0.17325238054234815,0.11214286951322283,-0.5111610086995391,-0.6037153117177462,-0.05213875208021608,-0.4739797785074882,0.1288675413669411,-0.38874347268116993,0.3739810688621805,0.6797553447038046,-0.3281601314139312,0.15885706466629573,-0.34579215832208443,-0.4053470064356877,0.5914060693931752,0.08542287047964972,-0.07116616458672681,0.4706492306897731,0.2225679311531237,0.22794902507494713,-0.12208729810399782,0.2847383172111833,0.6843761990285061,-0.4872907018323701,-0.42163384831744477,0.05300323839330237,0.1559799497998931,0.12153121238690705,0.3461353240154471,-0.19353355146596632,-0.581004632382545,0.39399469817719085,0.12709876080966112
SCONJ,0.4845494742229014,-0.4282777614241808,0.092288759617697,0.23220300254751705,0.5337563188378839,-0.4063644219462779,-0.6093682606091543,1.0,0.3497529069924292,-0.31708871477406214,0.23189615666142932,-0.01972129678119213,-0.6034762183067471,-0.1953875984415314,-0.05407541615432312,-0.163159859268332,-0.4602799906006066,0.036514902667882695,-0.41562413250121316,0.8382769293618159,0.9704683453659998,0.05999470669924486,0.4919883386030484,-0.6265836200785749,0.7083086990555132,-0.22192294946291297,-0.45634772010998403,0.47272970913451995,-0.24737365899012495,0.49296735991747376,0.5064447234562176,-0.23102582509236075,0.09783445230907396,0.1955498456436056,-0.08295836477523418,-0.48112092002078394,-0.35491278483590244,0.03343395261539216,-0.31831518858305036,-0.17901673949106348,0.20933706555233872,0.5327106645146937,0.004255325476567658,-0.41912911008106607,0.030377649596293847,-0.34700035756030956,-0.38988516425938374,0.2444856711577259,0.0009598432529009038,-0.45901667900578214
VERB,-0.2336701488054858,0.1992339537466476,-0.19730255697878257,-0.2749245103717401,0.24044598230030062,-0.045187693338926735,-0.4532189200174453,0.3497529069924292,1.0,-0.3817100324799844,0.06950801775823726,0.19816625595805087,-0.07863025409063905,-0.6195764660556261,-0.33710047237336443,0.13476707339641375,-0.4761447600825313,0.4813494183210482,0.24023899074586438,0.24623086925278273,0.2368751850177937,-0.34053769247744187,0.29501653558664864,-0.29690528880022,0.561027078032977,-0.5205026420251239,-0.6699674690081805,0.2890324910806656,-0.05720527974293,0.16849317599012728,0.5771420539317608,-0.10342744898345495,0.41525212424589086,-0.32462346038822454,-0.35897574977842334,0.015952210650056583,-0.028702238178810676,-0.17660428949596954,-0.26220943947631664,-0.05253086720682361,0.3006294592549462,0.3941676123333278,-0.2467771721517751,0.11454413864895858,0.17454979348482516,-0.24173149538989733,0.021795548232626995,-0.04417720061391662,-0.6033507850827761,0.18654053857541372
ADP,0.20073563066154768,-0.12177163379335844,-0.1571999377427995,0.12319897934674967,0.001657577694046843,-0.0886980244406968,0.22878665413781693,-0.31708871477406214,-0.3817100324799844,1.0,-0.5256224071794173,-0.17245547611283588,0.11490223688012226,0.24012676885325793,0.2371722855455193,0.2729860305662428,0.10989852727826513,-0.20046381352008757,-0.15469654097902866,-0.4403372209340369,-0.3215126473409138,-0.009829475484873848,0.3456521482163829,0.14466815516944362,-0.39748062995349437,0.5823307765765559,0.25404536321504423,0.4310953268021695,0.030584708466008827,-0.37637860260654016,-0.45325562766931365,0.16489630932858984,0.03719642342133763,-0.23212013857435246,-0.05356703940757145,-0.15084987057839921,0.1285621184237446,-0.018778812459136037,0.9289571562475986,0.1641838159158494,-0.07998890271761319,-0.3093559332472103,-0.0801305240509725,-0.16403064103893072,-0.24068310274043736,0.28331612127567607,0.07151755673182188,0.21294533769339843,0.10062227787785873,-0.14095959033480468
PROPN,0.06469636732382497,-0.08741563573109278,0.20325698496579048,-0.1939151319729467,0.023539504424992932,0.0350222819358568,-0.17832302149355525,0.23189615666142932,0.06950801775823726,-0.5256224071794173,1.0,-0.02964683231262123,0.05849749427367633,0.021797708227256934,-0.14092232722620987,-0.01862063105354479,0.015248480010892141,-0.2123963951844975,-0.04153013296983527,0.2769193829031948,0.1566777389602853,0.0058756780363602105,-0.4657507807834826,0.10962303403920313,0.05920335631302616,-0.06219862759660242,-0.2547794263719037,-0.39327654587690664,0.2205396002675906,0.16662787818909663,0.14365912885018253,0.17956992671983052,0.26548939499971497,0.3427060109227706,0.138318987124877,0.21164374470505273,-0.0062866837468771464,0.07616511902990039,-0.37466495790261767,-0.14531566769415966,0.056398485506308056,0.345285239821651,0.21053075341012495,-0.010821571907285932,0.06668657621900471,0.04338107120615662,-0.10151763472882885,-0.4061384505420764,-0.09679904390591029,-0.06220320755437459
PRON,-0.31573274309982774,0.21566505821485774,0.22246504593289046,0.3809524856465636,0.2094149987614369,-0.2604328973076404,-0.5371941114174108,-0.01972129678119213,0.19816625595805087,-0.17245547611283588,-0.02964683231262123,1.0,-0.06745744152141012,-0.6143968443319406,0.3820125900969013,0.43773915233877336,-0.2902072874316691,0.39639308163203857,0.26609471222587494,-0.14341620475017422,0.017569595225631555,-0.16928102755393698,0.13116835222096535,0.14178934290111672,0.09824315349781343,-0.4271354139603229,-0.20481593281428628,0.11421760243210353,-0.27673099723584577,0.10723025514944023,0.03278670673325266,-0.5079833665388488,-0.24934589942468907,-0.04115094124262217,-0.637684150483908,0.02110214937168273,-0.1964323692654594,0.35154312616122535,-0.21528637954903515,-0.43229115865902684,0.21077413105641482,-0.17325608148379584,0.05519911824256823,0.17185039317927409,-0.08124043637523788,-0.46875641008465946,0.6678376553498833,0.4537288970448006,-0.22675641064514698,0.27048965438639033
NUM,-0.1411159279553584,0.09833694310647759,-0.5130526809674579,-0.3962161560995205,-0.038815103609446296,0.005166682857586301,0.29811852655152643,-0.6034762183067471,-0.07863025409063905,0.11490223688012226,0.05849749427367633,-0.06745744152141012,1.0,0.2558684860363449,0.11816674843805988,0.05760756020348395,0.6296887730354925,-0.0686384906338732,0.08686594718601892,-0.5812037009950519,-0.6185481556812741,0.09466724279411524,-0.14215422655180754,0.5343404709319092,-0.25838144577941874,0.2571751558926609,0.13336370599395936,-0.21604134913548087,-0.16420593098445704,-0.4450102002775339,-0.07608524857422269,0.132440116801669,0.35463748317257804,-0.34746430000309675,0.21447993048822178,0.9203241656486069,0.00685210561443372,-0.181278325578882,0.13361692095558664,0.03332070823610163,-0.3925104250433259,-0.1958437607428905,-0.14418156919729114,0.5613447146758969,-0.10131479263157628,0.6795383848136862,-0.05033117454767192,-0.2922425683400916,-0.34301915718484116,0.12451455077910582
ADJ,0.5459211729458243,-0.5105588340745865,0.007047944816025858,-0.031203997864582993,-0.09215846414585405,-0.1044423046874294,0.4759055800668279,-0.1953875984415314,-0.6195764660556261,0.24012676885325793,0.021797708227256934,-0.6143968443319406,0.2558684860363449,1.0,0.06597171962313615,-0.04925417326864601,0.6464970749963487,-0.43644201110997577,-0.5334071541966158,-0.10120236201364947,-0.20445677824429775,0.06776065129088313,-0.21664480854968127,0.22936126021401718,-0.2180742148662008,0.5152695034265041,0.3831347907779991,-0.23199331987969413,-0.02805169382075334,-0.19158557836103537,-0.366569571935128,0.22771108561090764,-0.0681788474053748,0.2416290280550318,0.8285325361225966,0.06231793070072671,-0.04646497597548712,-0.34034362400140766,0.24111405549134726,0.25295992378338267,-0.16995489479855516,-0.1092901890297357,0.12429086029783654,-0.0544378265414152,0.04327260984261198,0.42716616100438093,-0.21659807920047758,-0.12407971622302487,0.11076831184747675,-0.5283975154956114
advmod:emph,0.28304172591183485,-0.36059463259576574,-0.11881163196890837,0.7379835139122723,-0.02059618815695188,-0.4444787835273847,-0.0486948495321823,-0.05407541615432312,-0.33710047237336443,0.2371722855455193,-0.14092232722620987,0.3820125900969013,0.11816674843805988,0.06597171962313615,1.0,0.2696560506741592,-0.07177011926375272,-0.22305701262050018,-0.3247609953400807,-0.08110635150159248,-0.009831316130224815,0.12202799323564065,0.058979425753794314,-0.024049984096963357,0.02473020884533702,0.1441413530856871,0.08914009765005346,0.029725971282103913,-0.4173838576068106,0.2733069568678677,-0.060196314335185484,-0.03843273505025975,-0.07456377076654415,0.015500012353570956,0.0336643052619157,0.15078822383503077,-0.11283745243255161,0.2156145116241457,0.1728216556641867,0.12682493321669663,-0.024334522006748474,-0.2945589191305154,0.0018998576092991507,-0.14828722745532974,-0.45245969351257775,0.23094030356919254,0.12415240829136143,0.24024255192094057,0.07844025413466846,-0.2832886444180062
obl:arg,0.11920503122661824,-0.2147161651759023,0.014673549935873656,0.21363055072871887,0.1847298514336721,-0.15153786697662236,-0.20398752066343825,-0.163159859268332,0.13476707339641375,0.2729860305662428,-0.01862063105354479,0.43773915233877336,0.05760756020348395,-0.04925417326864601,0.2696560506741592,1.0,-0.0012229128779636168,0.16827535354563852,-0.10096533305351015,-0.2188245711896919,-0.19269209406919155,-0.3627353931898003,0.16539474332513557,0.14038961620592777,-0.17845357575629894,-0.26474947187779463,-0.31687282487461443,0.24444104357856486,-0.0015737661413796266,0.1542712463717877,-0.009582734414689216,-0.0911941406535138,0.09069107149405511,-0.17787108986998018,-0.11169044432660506,-0.08467280928570728,0.19964573148084885,0.08373625568327307,0.26374121936006745,0.021557080772894373,0.3672213452065601,-0.0014170939073282535,-0.2703069185444196,-0.06528210686954997,0.05341687511738947,-0.11860436545137955,0.4846659161597969,0.23207949599090685,-0.5754651105219903,-0.1397515334946884
flat,0.14993851690619234,-0.13350342480558844,-0.3838419622176427,-0.2917245252893438,0.09701040497814713,0.07965735332182619,0.38845219241096385,-0.4602799906006066,-0.4761447600825313,0.10989852727826513,0.015248480010892141,-0.2902072874316691,0.6296887730354925,0.6464970749963487,-0.07177011926375272,-0.0012229128779636168,1.0,-0.3154658787834496,-0.16353231476086277,-0.40930334268571184,-0.40149250449994667,0.2734438313325372,-0.22327834517200731,0.4068451863593154,-0.36113246932023474,0.3528713873279908,0.23464945487711186,-0.268689241787957,-0.05659085968212337,-0.26502093256308307,-0.24222796103877553,-0.10472338582047463,-0.11896211871912318,-0.11706517312476536,0.5819905511082611,0.4517886054821231,-0.03844258051673474,-0.016204398231978185,0.0588528237884631,-0.03925536234034457,-0.407315675409367,-0.23526671721881123,-0.25011715400227735,0.447162879727702,0.13005654734960811,0.4685748875262418,-0.0971326689317668,-0.04487240995296812,-0.04052154431413995,-0.1407492903058986
nsubj,-0.1954924497238286,0.053845160240208044,0.1854795008446876,-0.12630358835746258,0.18834912112867286,0.17251643288381385,-0.17325238054234815,0.036514902667882695,0.4813494183210482,-0.20046381352008757,-0.2123963951844975,0.39639308163203857,-0.0686384906338732,-0.43644201110997577,-0.22305701262050018,0.16827535354563852,-0.3154658787834496,1.0,0.11462704424423703,0.004258813267693764,-0.012831549830179112,-0.5793549995817705,0.3178716782916486,0.16579743549060835,0.3147067601566091,-0.5585337982139628,-0.2036640405611635,0.37473631158407217,0.04069389401373617,-0.16489607495517425,0.38972977804467196,-0.19210597561797313,0.05849724852636987,0.0877715789069022,-0.5778443195632014,-0.1141446227082879,0.18292242812508172,-0.4034270807754235,-0.11115678344998611,0.014172752225384113,-0.08195914922451565,0.0211639510782705,0.31065643859353337,0.04323624940795072,-0.06340305462169218,-0.3777801464383964,0.33780445932328423,0.11555569915735214,-0.20527142183339814,0.13144220458026026
root,-0.9815665648888487,0.9795686662273151,0.04824495820778502,-0.33844808903106716,-0.5399078042813613,0.2967990119799184,0.11214286951322283,-0.41562413250121316,0.24023899074586438,-0.15469654097902866,-0.04153013296983527,0.26609471222587494,0.08686594718601892,-0.5334071541966158,-0.3247609953400807,-0.10096533305351015,-0.16353231476086277,0.11462704424423703,1.0,-0.4706177682415516,-0.4155197134590988,-0.10349852173111472,-0.33112024581285054,-0.043586299193641986,-0.24823871576815904,-0.0786405189448203,0.04056682047298817,-0.2746376656759149,0.1336182888704174,-0.35425732038566005,-0.22902033954348783,0.18265209112178635,-0.039563599142342996,-0.2842226215586261,-0.37306395667395426,0.1867004689559574,-0.05425853937094086,0.13207682246057628,-0.11645384461590624,-0.08578079973249315,-0.11262580933986514,-0.38190513901427353,0.048982690925492414,0.4327671265077018,0.3944772821081675,-0.3428969603492867,0.19167058985489188,-0.18747793666190884,-0.07004837070307066,0.9907185180459468
advcl,0.4845539398923154,-0.44996417931112415,0.2378294031385202,0.302671912972699,0.4072297480776747,-0.07221724723878699,-0.5111610086995391,0.8382769293618159,0.24623086925278273,-0.4403372209340369,0.2769193829031948,-0.14341620475017422,-0.5812037009950519,-0.10120236201364947,-0.08110635150159248,-0.2188245711896919,-0.40930334268571184,0.004258813267693764,-0.4706177682415516,1.0,0.84928825015995,0.18223793748670697,0.3100485378066192,-0.4740923021833435,0.43266878005035675,-0.34693171124052147,-0.3973283522371992,0.13435435178134267,-0.00855304354540512,0.7286897833825802,0.5583393888728005,-0.14000506761279696,-0.10992060230751496,0.3465795710903533,0.029511061873083364,-0.4123114852514165,0.03600051436943554,-0.06260192017244645,-0.45028115633257837,-0.21451621308456245,0.4215400729053429,0.7304683999455464,-0.03248853253839647,-0.6354441179989165,-0.1703412910059681,-0.21849891479960773,-0.33452371305957557,0.1895492417678685,0.14938675659863276,-0.47881408402662856
mark,0.47596376785713157,-0.4121775999895612,0.08165588345162389,0.2926696391805357,0.557691175618559,-0.3440853669670722,-0.6037153117177462,0.9704683453659998,0.2368751850177937,-0.3215126473409138,0.1566777389602853,0.017569595225631555,-0.6185481556812741,-0.20445677824429775,-0.009831316130224815,-0.19269209406919155,-0.40149250449994667,-0.012831549830179112,-0.4155197134590988,0.84928825015995,1.0,0.21224983883944754,0.4884762560655643,-0.6092592117552437,0.6118720017483462,-0.2863056326721989,-0.387612980506583,0.4270141033197869,-0.23414332410661776,0.5655803406298605,0.5229173062003439,-0.32963544058852956,-0.013706606628674884,0.17507320606687254,-0.09130438906837339,-0.47467150781326733,-0.31677411453990184,0.1780906957900477,-0.39864556847549504,-0.2232638214632228,0.1933207540710734,0.5216038321769944,-0.07762751738159362,-0.40076931324269427,0.01669180239794959,-0.3259580821110863,-0.4170517956758189,0.3076343987047841,0.08126034439819155,-0.44754133730196255
det,0.0787846301409649,-0.001909664841559023,-0.23779072075866886,-0.06785641336566073,0.04336623582227551,0.13199743927178784,-0.05213875208021608,0.05999470669924486,-0.34053769247744187,-0.009829475484873848,0.0058756780363602105,-0.16928102755393698,0.09466724279411524,0.06776065129088313,0.12202799323564065,-0.3627353931898003,0.2734438313325372,-0.5793549995817705,-0.10349852173111472,0.18223793748670697,0.21224983883944754,1.0,-0.017223601067545724,-0.10388233797245977,-0.12208071540224305,0.14515060171025934,0.2583350810407223,-0.15279162770932964,0.07490342912543917,0.29851748474279743,-0.029509190647336644,-0.35138565616355194,-0.031285612763443535,0.10492320729027642,0.0690916906279667,0.18204913297353803,0.018269081539443063,0.5329438764706065,-0.2709692057707192,-0.4110990545518289,-0.09533176952846435,0.02066954880647565,-0.37338874495866287,-0.08778602311353968,-0.36402479960182765,0.4085072113041958,-0.3097759764718674,-0.1030994073322493,0.30129038824948745,-0.050266881836244184
advcl:pred,0.365859413558622,-0.3225992641733872,-0.22258740343999683,0.19370611242319888,0.6374191954410269,-0.43263136113919337,-0.4739797785074882,0.4919883386030484,0.29501653558664864,0.3456521482163829,-0.4657507807834826,0.13116835222096535,-0.14215422655180754,-0.21664480854968127,0.058979425753794314,0.16539474332513557,-0.22327834517200731,0.3178716782916486,-0.33112024581285054,0.3100485378066192,0.4884762560655643,-0.017223601067545724,1.0,-0.3399843870809468,0.3767006818189556,-0.0317644988076251,-0.2680652503715863,0.8827733450538204,-0.4549270146819439,0.10594304915753307,0.281269219413447,-0.28845076015203175,0.059270753600600364,-0.24112908786117648,-0.3348557894760074,-0.23573277771799456,-0.22848502531112236,-0.1542530729429551,0.2621519434348933,-0.24463591976965443,0.1222079688067212,0.28738500493495267,-0.2234810961433301,-0.32089987066924985,-0.18818300680131017,-0.16002363352076304,-0.11287260443133075,0.5397999487930535,-0.14139245253173444,-0.3402801165871836
csubj,-0.05337601046866373,0.017895026470785516,0.23155739268733025,-0.2315067249851237,0.06707026080836039,0.34261894374717794,0.1288675413669411,-0.6265836200785749,-0.29690528880022,0.14466815516944362,0.10962303403920313,0.14178934290111672,0.5343404709319092,0.22936126021401718,-0.024049984096963357,0.14038961620592777,0.4068451863593154,0.16579743549060835,-0.043586299193641986,-0.4740923021833435,-0.6092592117552437,-0.10388233797245977,-0.3399843870809468,1.0,-0.504481205351357,-0.0005152997921143212,0.2146313745554191,-0.36743341247677375,0.36093722160998476,-0.46619704520621,-0.198899440031052,-0.14962298814099073,-0.051696655470939795,0.11899963373619135,-0.0729867670493164,0.4139640857940606,0.35788608367522967,-0.08795232344367551,0.13633652630466447,-0.13133595651710195,-0.06321065071676682,-0.10368832053197388,0.25537658830162596,0.3645284681224296,-0.22433895660627806,0.4027936919984774,0.44205085138505773,-0.057985452379949814,-0.13169962071981822,0.006339518582930125
xcomp,0.2460183002424619,-0.29279659831609706,-0.13797372481334533,-0.023912666494538888,0.30656374383433804,-0.4727658886941974,-0.38874347268116993,0.7083086990555132,0.561027078032977,-0.39748062995349437,0.05920335631302616,0.09824315349781343,-0.25838144577941874,-0.2180742148662008,0.02473020884533702,-0.17845357575629894,-0.36113246932023474,0.3147067601566091,-0.24823871576815904,0.43266878005035675,0.6118720017483462,-0.12208071540224305,0.3767006818189556,-0.504481205351357,1.0,-0.20220905429502564,-0.33222833920733963,0.4754312302163329,-0.397928872199124,0.17366796830605688,0.44266510882560195,-0.2949293784503406,0.36514671880837696,0.15307227863456344,-0.12690292902321662,-0.19687877252826033,-0.48498989366288603,-0.1720105612767055,-0.32405162806748233,-0.026657788119906753,-0.09684574917668475,0.10790409862718979,0.10956991712388198,-0.047134208594759135,-0.024203331504476587,-0.23205066203793856,-0.18892728164809236,-0.006832999644122095,-0.21732059854983393,-0.278598658737907
obl,0.1377614949720498,-0.030105899925813896,-0.15947145126482146,-0.01843056728462326,-0.24517336161974312,-0.2957241614885109,0.3739810688621805,-0.22192294946291297,-0.5205026420251239,0.5823307765765559,-0.06219862759660242,-0.4271354139603229,0.2571751558926609,0.5152695034265041,0.1441413530856871,-0.26474947187779463,0.3528713873279908,-0.5585337982139628,-0.0786405189448203,-0.34693171124052147,-0.2863056326721989,0.14515060171025934,-0.0317644988076251,-0.0005152997921143212,-0.20220905429502564,1.0,0.41248076595676,0.02567296146891441,-0.21158387510082247,-0.4632007998276375,-0.682766932853757,0.37470021884389937,-0.012769003598833187,0.02201483469276398,0.36107279803027215,0.0994349064709556,-0.32001540294421055,-0.1743530398572597,0.6573074016527893,0.04083536938356021,-0.30861320288931376,-0.3835295314607611,0.1814631148211743,-0.060226375235274424,-0.12033992268297096,0.28982504515605234,-0.14348207610754118,-0.05832009214236674,0.35857016876815845,-0.06522256485195263
nmod,-0.08480428012916183,0.07750905613907501,0.09097173875275763,-0.08944102523072663,-0.5400300432487524,0.036833620412038616,0.6797553447038046,-0.45634772010998403,-0.6699674690081805,0.25404536321504423,-0.2547794263719037,-0.20481593281428628,0.13336370599395936,0.3831347907779991,0.08914009765005346,-0.31687282487461443,0.23464945487711186,-0.2036640405611635,0.04056682047298817,-0.3973283522371992,-0.387612980506583,0.2583350810407223,-0.2680652503715863,0.2146313745554191,-0.33222833920733963,0.41248076595676,1.0,-0.22036697370143848,-0.030060612604506032,-0.3698744144188537,-0.6828868644305276,0.17637847278961744,-0.14068187126161558,0.21750052162793884,0.1547601959575551,0.11216174937762158,-0.0649252930261815,0.11716596127603539,0.16138049677979782,0.1417382459901597,-0.3160551129350334,-0.42705229027059116,0.2588809268017455,-0.019854927127651273,-0.13269391499877453,0.1480466808065208,0.07544401691443524,-0.3446715113717945,0.615278262790141,0.07439529859479993
advcl:cmpr,0.3266003976225086,-0.3160365977904997,-0.23515676354692353,0.048490477752167034,0.5063859279171709,-0.3949074930571358,-0.3281601314139312,0.47272970913451995,0.2890324910806656,0.4310953268021695,-0.39327654587690664,0.11421760243210353,-0.21604134913548087,-0.23199331987969413,0.029725971282103913,0.24444104357856486,-0.268689241787957,0.37473631158407217,-0.2746376656759149,0.13435435178134267,0.4270141033197869,-0.15279162770932964,0.8827733450538204,-0.36743341247677375,0.4754312302163329,0.02567296146891441,-0.22036697370143848,1.0,-0.3080908419558477,-0.06008785782207096,0.2093227621227414,-0.22701874315350473,0.2827074770764235,-0.14901059715478965,-0.4069773915644331,-0.3699500131556688,-0.2264621460214828,-0.09532380649747342,0.3904212596831826,-0.04303207997943952,-0.10859490206139723,0.0425800917891782,-0.08938516786464527,-0.24694898056739029,-0.12699511544663386,-0.19823706077873832,-0.09821404689534423,0.3283092953273686,-0.1491110219317522,-0.295715610662053
cc,-0.16990169904561297,0.1653867377190578,0.3455865941754012,-0.38816529733667005,-0.23523612681022668,0.8785072120907803,0.15885706466629573,-0.24737365899012495,-0.05720527974293,0.030584708466008827,0.2205396002675906,-0.27673099723584577,-0.16420593098445704,-0.02805169382075334,-0.4173838576068106,-0.0015737661413796266,-0.05659085968212337,0.04069389401373617,0.1336182888704174,-0.00855304354540512,-0.23414332410661776,0.07490342912543917,-0.4549270146819439,0.36093722160998476,-0.397928872199124,-0.21158387510082247,-0.030060612604506032,-0.3080908419558477,1.0,-0.029747538053142404,0.07513064484490188,0.06417989224152412,0.11127813426936682,0.35571959279521376,-0.1640461549983213,-0.22482559339401287,0.7924505240498275,0.04533467999035006,0.013920749296230394,0.07751786877933386,0.049581925433940695,0.04268648125515366,0.12932741740079037,-0.11850131565057938,-0.16437563070202144,0.18581001065333475,0.07217955987024545,-0.3833055803779712,0.06110131552233575,0.1678472789378432
nsubj:pass,0.34459175109060297,-0.37693234102160894,-0.036445951954837845,0.5225909655385036,0.2326254326054368,-0.018570369829406196,-0.34579215832208443,0.49296735991747376,0.16849317599012728,-0.37637860260654016,0.16662787818909663,0.10723025514944023,-0.4450102002775339,-0.19158557836103537,0.2733069568678677,0.1542712463717877,-0.26502093256308307,-0.16489607495517425,-0.35425732038566005,0.7286897833825802,0.5655803406298605,0.29851748474279743,0.10594304915753307,-0.46619704520621,0.17366796830605688,-0.4632007998276375,-0.3698744144188537,-0.06008785782207096,-0.029747538053142404,1.0,0.4824035064001887,-0.17946159983067736,-0.20848158962391825,0.08661809346497377,0.09432732281177061,-0.2533143828630475,0.22254912289048437,0.32548162941717024,-0.4425418849775592,-0.08691671854775569,0.5097422214656048,0.5290586176975339,-0.46155123632591155,-0.5171948632941132,-0.19584088755238616,-0.11721070171450475,-0.10483621717253713,0.19136993400817345,0.07777763058883419,-0.3611275484960858
discourse,0.20427141044532618,-0.2549862100037065,-0.2459311992898537,-0.0004425311904635108,0.5022362352958898,0.1711537381729978,-0.4053470064356877,0.5064447234562176,0.5771420539317608,-0.45325562766931365,0.14365912885018253,0.03278670673325266,-0.07608524857422269,-0.366569571935128,-0.060196314335185484,-0.009582734414689216,-0.24222796103877553,0.38972977804467196,-0.22902033954348783,0.5583393888728005,0.5229173062003439,-0.029509190647336644,0.281269219413447,-0.198899440031052,0.44266510882560195,-0.682766932853757,-0.6828868644305276,0.2093227621227414,0.07513064484490188,0.4824035064001887,1.0,-0.18893762243795478,0.29890201246888815,-0.13237619058059338,-0.15614458900786998,0.04574978669023509,0.25080367675603904,-0.06166505656007101,-0.46272232109818245,0.11513647245512314,0.009263424822619413,0.5253404787039136,-0.2455813408369782,0.00046101926529922607,-0.054125653001985685,0.10209658801576225,-0.41659229510122775,0.03794545152960863,-0.3461405554654728,-0.2235615262365451
csubj:pass,-0.11978345819331025,0.12127526298991964,-0.06889558586479065,-0.047323017590107375,-0.5944988947288381,0.08804465858867679,0.5914060693931752,-0.23102582509236075,-0.10342744898345495,0.16489630932858984,0.17956992671983052,-0.5079833665388488,0.132440116801669,0.22771108561090764,-0.03843273505025975,-0.0911941406535138,-0.10472338582047463,-0.19210597561797313,0.18265209112178635,-0.14000506761279696,-0.32963544058852956,-0.35138565616355194,-0.28845076015203175,-0.14962298814099073,-0.2949293784503406,0.37470021884389937,0.17637847278961744,-0.22701874315350473,0.06417989224152412,-0.17946159983067736,-0.18893762243795478,1.0,0.22831099365924631,-0.13597888126193877,0.3570369419357446,0.16583785118841257,0.16042102428486324,-0.38821657010864413,0.3695959268056364,0.6378228775549878,-0.12285237775558007,0.002175064559345454,0.19684058693290513,-0.17063211388725838,0.1854460375021213,0.14634152250968627,-0.34706412253937086,-0.4726515028386462,0.18950852859860268,0.1648696206058325
acl,0.055442315218786314,-0.09987797514200751,-0.41629167862777866,-0.5590064532993246,-0.03100252171521769,-0.03619455016690908,0.08542287047964972,0.09783445230907396,0.41525212424589086,0.03719642342133763,0.26548939499971497,-0.24934589942468907,0.35463748317257804,-0.0681788474053748,-0.07456377076654415,0.09069107149405511,-0.11896211871912318,0.05849724852636987,-0.039563599142342996,-0.10992060230751496,-0.013706606628674884,-0.031285612763443535,0.059270753600600364,-0.051696655470939795,0.36514671880837696,-0.012769003598833187,-0.14068187126161558,0.2827074770764235,0.11127813426936682,-0.20848158962391825,0.29890201246888815,0.22831099365924631,1.0,-0.13460170858033685,-0.06618596012332391,0.3372192904984342,0.03534599194167872,-0.09672131655724478,0.08374205880781557,0.3163341989518727,-0.29373203696418404,0.05535935883846668,-0.05396174920545888,0.16446805266692924,-0.06939498556164957,0.46024960365003814,-0.37620492336328876,-0.6664785636171907,-0.4672759181381368,-0.06053703263141167
expl:pass,0.21134487855069192,-0.28537718914451526,0.6871534312712596,0.05425680780226287,-0.15741367488944216,0.19318947053155439,-0.07116616458672681,0.1955498456436056,-0.32462346038822454,-0.23212013857435246,0.3427060109227706,-0.04115094124262217,-0.34746430000309675,0.2416290280550318,0.015500012353570956,-0.17787108986998018,-0.11706517312476536,0.0877715789069022,-0.2842226215586261,0.3465795710903533,0.17507320606687254,0.10492320729027642,-0.24112908786117648,0.11899963373619135,0.15307227863456344,0.02201483469276398,0.21750052162793884,-0.14901059715478965,0.35571959279521376,0.08661809346497377,-0.13237619058059338,-0.13597888126193877,-0.13460170858033685,1.0,-0.06784525921316567,-0.37262883785346385,0.15334916860517928,-0.21306385993884203,-0.2058361692965224,-0.25672863713491173,-0.02718249943045428,-0.09561401794340713,0.6782289003531189,-0.4983139693884136,-0.44825499890605164,-0.14583568351930518,0.20277663277093674,-0.15323285976814205,0.3661451420850653,-0.22645901789027204
amod,0.4199366470736711,-0.3711277560751572,-0.24509686346020834,0.02249192254726057,-0.14156730134383,-0.15466819305599352,0.4706492306897731,-0.08295836477523418,-0.35897574977842334,-0.05356703940757145,0.138318987124877,-0.637684150483908,0.21447993048822178,0.8285325361225966,0.0336643052619157,-0.11169044432660506,0.5819905511082611,-0.5778443195632014,-0.37306395667395426,0.029511061873083364,-0.09130438906837339,0.0690916906279667,-0.3348557894760074,-0.0729867670493164,-0.12690292902321662,0.36107279803027215,0.1547601959575551,-0.4069773915644331,-0.1640461549983213,0.09432732281177061,-0.15614458900786998,0.3570369419357446,-0.06618596012332391,-0.06784525921316567,1.0,0.16653865085341427,-0.13054302829250575,-0.19410474393292346,-0.004865308826968038,0.39578052590097756,-0.05615611965566451,0.068574973609169,-0.19496648139333136,0.07223552273492988,0.3248136761218213,0.36061086692207106,-0.40901325750543227,-0.17732544840716286,0.027606257560555802,-0.4051085419032482
nummod,-0.2437744031375135,0.19929295722257312,-0.4930421115086764,-0.3185551634624242,-0.0932275891535968,-0.015072895903556458,0.2225679311531237,-0.48112092002078394,0.015952210650056583,-0.15084987057839921,0.21164374470505273,0.02110214937168273,0.9203241656486069,0.06231793070072671,0.15078822383503077,-0.08467280928570728,0.4517886054821231,-0.1141446227082879,0.1867004689559574,-0.4123114852514165,-0.47467150781326733,0.18204913297353803,-0.23573277771799456,0.4139640857940606,-0.19687877252826033,0.0994349064709556,0.11216174937762158,-0.3699500131556688,-0.22482559339401287,-0.2533143828630475,0.04574978669023509,0.16583785118841257,0.3372192904984342,-0.37262883785346385,0.16653865085341427,1.0,-0.04653059691949436,-0.026985052300818626,-0.1334862317267418,0.005030754915657051,-0.3032719214727944,-0.0422793289565805,-0.173465710146556,0.5517828461522585,-0.06616269347962918,0.6055147723891061,-0.1302059557164801,-0.36407891744564974,-0.26399571938368604,0.21860510623737547
conj,-0.02532929763592023,-0.04326058328749679,0.10927395948543363,-0.09278634019835173,-0.15483436770690023,0.8319562661524016,0.22794902507494713,-0.35491278483590244,-0.028702238178810676,0.1285621184237446,-0.0062866837468771464,-0.1964323692654594,0.00685210561443372,-0.04646497597548712,-0.11283745243255161,0.19964573148084885,-0.03844258051673474,0.18292242812508172,-0.05425853937094086,0.03600051436943554,-0.31677411453990184,0.018269081539443063,-0.22848502531112236,0.35788608367522967,-0.48498989366288603,-0.32001540294421055,-0.0649252930261815,-0.2264621460214828,0.7924505240498275,0.22254912289048437,0.25080367675603904,0.16042102428486324,0.03534599194167872,0.15334916860517928,-0.13054302829250575,-0.04653059691949436,1.0,-0.06543176413598363,0.11280511517018083,0.2189964233892623,0.1495766189642745,0.17740009163688775,-0.102888136299755,-0.2873923917480934,-0.39995735893782614,0.33177702004026427,0.10516701462141516,-0.24002989338849737,0.0633798990225578,0.003502768899264118
appos,-0.10546353650613173,0.14950162384746557,-0.17478294034744646,0.15623390185067712,0.0809748467308827,-0.019382437954218647,-0.12208729810399782,0.03343395261539216,-0.17660428949596954,-0.018778812459136037,0.07616511902990039,0.35154312616122535,-0.181278325578882,-0.34034362400140766,0.2156145116241457,0.08373625568327307,-0.016204398231978185,-0.4034270807754235,0.13207682246057628,-0.06260192017244645,0.1780906957900477,0.5329438764706065,-0.1542530729429551,-0.08795232344367551,-0.1720105612767055,-0.1743530398572597,0.11716596127603539,-0.09532380649747342,0.04533467999035006,0.32548162941717024,-0.06166505656007101,-0.38821657010864413,-0.09672131655724478,-0.21306385993884203,-0.19410474393292346,-0.026985052300818626,-0.06543176413598363,1.0,-0.2295579789358182,-0.17605161472455438,0.06995342346164868,-0.043668905256623966,-0.4687012667784461,0.17669839141785798,0.060098600511181655,-0.02322296961450438,0.04758800269389872,0.03636496650822235,0.15857772797948963,0.1127070475702598
case,0.16866177489869139,-0.11078525722386402,-0.13481673858345036,0.09422370099528427,-0.07239894906281398,-0.11925678932394726,0.2847383172111833,-0.31831518858305036,-0.26220943947631664,0.9289571562475986,-0.37466495790261767,-0.21528637954903515,0.13361692095558664,0.24111405549134726,0.1728216556641867,0.26374121936006745,0.0588528237884631,-0.11115678344998611,-0.11645384461590624,-0.45028115633257837,-0.39864556847549504,-0.2709692057707192,0.2621519434348933,0.13633652630466447,-0.32405162806748233,0.6573074016527893,0.16138049677979782,0.3904212596831826,0.013920749296230394,-0.4425418849775592,-0.46272232109818245,0.3695959268056364,0.08374205880781557,-0.2058361692965224,-0.004865308826968038,-0.1334862317267418,0.11280511517018083,-0.2295579789358182,1.0,0.2718663348570083,-0.08702635141528609,-0.2885693660465572,0.05704036298031145,-0.17380336175020367,-0.18938895688575488,0.21432459723299901,0.11451812890353469,0.13455082059629617,0.08568296063809652,-0.11384550173171323
