,len,PUNCT,AUX,X,ADV,PART,CCONJ,NOUN,SCONJ,VERB,ADP,PROPN,PRON,NUM,ADJ,advmod:emph,obl:arg,aux,flat,nsubj,root,advcl,mark,det,csubj,xcomp,obl,nmod,advcl:cmpr,cc,nsubj:pass,discourse,csubj:pass,acl,expl:pass,amod,nummod,conj,appos,case,xcomp:pred,aux:pass,advmod:neg,cop,obj,ccomp,fixed,acl:relcl,advmod,orphan,punct
len,1.0,-0.9559183007702806,-0.4695613521213485,-0.12015682529233486,-0.8152766666761542,0.3573597922635642,0.23574697013583648,0.35164692526566044,0.6618950932642795,0.42799631472988403,0.658032351897839,-0.33645461332066473,0.3015228493585312,-0.3450108006918855,-0.524107198397825,-0.8470923354420378,0.14630947796999424,0.52388375827458,-0.2637775801113311,0.13372527289880626,-0.9880347151459543,0.7370450645149802,0.5678831957459805,-0.12859061019072301,-0.3580334321491598,0.5198303528557522,0.34512313945730755,-0.1227436419924848,0.5571087849191158,0.24261362537768455,0.04396028604760264,0.30166157377786196,-0.333236838606089,0.3023883973937309,0.11092739352109768,-0.41328144852480614,0.03676036444024429,0.17027109418754868,-0.1649402448886614,0.7050991340233024,0.41826802107568856,-0.3657022427338841,0.7442017044024085,-0.24417270449534387,-0.19433548200350492,-0.5446070573266032,-0.35085792985361786,0.5133845753821171,-0.6913296733729019,-0.30402003775138936,-0.9676904738838191
PUNCT,-0.9559183007702806,1.0,0.4627182676251719,0.05317634322910854,0.8123753343967495,-0.30813232377413813,-0.3590310484553156,-0.3838740397578082,-0.5777737672909671,-0.5274403654586385,-0.6578349875121025,0.4119801193242763,-0.31241087787440214,0.4538597792336407,0.6321744459217313,0.8316319650926597,-0.1941764049586975,-0.43608702306555386,0.0811743154554369,-0.23984637832571443,0.9545272795429058,-0.599572570424308,-0.5120076334137966,0.12102086578919466,0.32843110014925936,-0.32158901269800366,-0.2764426224211369,0.1311052232217205,-0.5689637551673522,-0.329676198805604,-0.00454827565753136,-0.13470791477394395,0.2754436484794557,-0.40944712940775013,-0.225358738080128,0.5290790549701649,-0.07101032347404194,-0.3926306064326179,0.12859882318915697,-0.695953775310272,-0.2646652586806871,0.2770462783639914,-0.749028972670551,0.2505826656304417,0.34137212398949707,0.3525438413608193,0.46072450443884255,-0.3711700538817075,0.6762846540437326,0.45703170192675274,0.9555514581579743
AUX,-0.4695613521213485,0.4627182676251719,1.0,-0.30259332603539774,0.4601212767502426,0.2909558352975434,0.42972052838811725,-0.3750469966574527,-0.14782363699323142,-0.5340331379607881,-0.7181097183714596,0.11225730178618058,-0.6737891287141772,-0.08399690020032756,0.6089839173218851,0.19914396482592758,-0.16098021654496547,-0.6903663970364599,-0.16818567260124614,0.009517222832875987,0.4817046376473654,-0.6064504035118647,0.009637649319606884,0.5898151928339737,0.40817734379041176,-0.0536335820481055,-0.7184969615535901,-0.4433794445855036,0.06982580319970677,0.4259376391334866,-0.39928177585915775,0.22831737315769232,-0.41695288712562756,-0.1656267888236264,0.12976713913993118,0.674437967437569,-0.08681791128508583,0.24596429578932916,0.11424565996341261,-0.7682929699677957,-0.4202369730957472,0.18713753075763417,0.05298017466181513,0.9406767525373457,-0.13272902473182674,0.4703468435419829,0.7061127435196042,-0.7096337737626329,0.5272362667466399,0.6064779734862226,0.5387131580093554
X,-0.12015682529233486,0.05317634322910854,-0.30259332603539774,1.0,-0.2568948691828044,0.26470615475306297,0.21343420345925423,0.18237598039162292,-0.33202139382757206,0.15270542192771022,-0.045131476445926126,-0.5667203201190787,0.3867574460078777,0.7611597969910471,-0.1875408811621031,0.20043064757710372,-0.2314223591772965,-0.14285714285714285,0.11460197863132673,-0.23881094119785795,0.055952257408872344,0.2293735623409196,-0.46374576520512795,-0.10579311769655064,-0.6296483623391369,0.23549555660062624,0.4436064035982844,0.2210214389211285,-0.17733862691912752,0.2066400288336189,0.673583902826809,-0.45003636188327445,0.8533902438214429,0.05383127299703536,-0.2809634753561781,0.02703985934234744,0.8179475431376999,-0.30616154849786387,-0.21448623991495838,0.010653503342124022,0.47271877271560664,0.059684332504259904,-0.20540815134051874,-0.4975687978884493,-0.5381395705483218,0.08647627185894782,-0.14285714285714285,0.2184626841951871,-0.18890522416559807,0.08899989726557145,0.02417224944107675
ADV,-0.8152766666761542,0.8123753343967495,0.4601212767502426,-0.2568948691828044,1.0,-0.4329067783416251,-0.21422783498909753,-0.3860815782563205,-0.4704705314003815,-0.3096416789928583,-0.37589072673169494,0.48107201672990413,-0.6059094100916161,0.016823141868813434,0.30234739890366125,0.8270667747227668,0.301997229411369,-0.5448295322509863,0.22245772571557373,-0.382284837968521,0.8515722599479837,-0.7201563585473933,-0.32369819878418,-0.059992998912250996,0.7311384186884727,-0.46131163474425146,-0.5174089949381826,0.09766005216285806,-0.18512667594199855,-0.14690827773609713,-0.24623177641055122,-0.38044387160705206,0.018542274710336665,-0.5147619264404323,0.2835627431625837,0.10736202706108261,-0.46476267083167405,-0.183743167988186,0.5793210248245336,-0.4733187820067401,-0.438797615904091,0.6530687528441907,-0.6143513973216762,0.2639364385529973,0.5387332097655513,0.5182164140697308,0.12546780487754183,-0.681903800517534,0.9464708800888252,0.10216135163499813,0.8409914752492431
PART,0.3573597922635642,-0.30813232377413813,0.2909558352975434,0.26470615475306297,-0.4329067783416251,1.0,0.5627683329213783,0.3879044838615434,0.061134980008523764,-0.26791564354688996,-0.14395551688462446,-0.7223422195342846,-0.27047569587861964,0.26110820257417405,-0.12498243785306593,-0.2755049067862993,0.015635663318696136,-0.24810170909751905,-0.13303671879890785,-0.2836667110105175,-0.38989463715619016,0.15097068769788288,-0.030344666457991692,0.2844590648435536,-0.17860699509597136,0.6875139869586061,0.012816664800232538,-0.001290336949811882,0.18894740203380161,0.6072626512832192,0.44460874243540616,0.2697140079709368,-0.02137318636532449,-0.26473327530785634,-0.2820242729756761,0.40284126420084326,0.5376805517830354,-0.041882356812339004,-0.2861154172600099,-0.09724793381298404,0.48307487038582975,0.021916763241414,0.7290968102840774,0.2561598267439668,-0.6292854539647381,-0.3357610896513026,0.19158799142035124,-0.018853230002172417,-0.21648233628814603,0.2997584224782097,-0.28449602567065785
CCONJ,0.23574697013583648,-0.3590310484553156,0.42972052838811725,0.21343420345925423,-0.21422783498909753,0.5627683329213783,1.0,-0.1436495684351069,0.07211404167584826,0.25805891337474646,-0.010499605785554988,-0.44698179330955856,-0.23682851214872977,-0.14425793286038915,-0.1340023682072774,-0.2731856873698431,0.09063674205644909,-0.5990495833427301,-0.09052509757750644,-0.07158233108549446,-0.2599989487586017,-0.024171536186832612,0.1574450644169768,0.22139128485588097,-0.11471030791708571,0.2587922683354492,-0.26262745160523604,-0.5646656863033755,0.6798167012065169,0.9797966580034844,-0.18219609936773334,-0.14055834404859482,-0.13046703404666563,0.25433835338123095,0.4693004081867064,0.0014224063480434085,0.2560419607630592,0.48416284263911785,0.10895368273849908,-0.03571190450123333,0.04886367208044615,0.21743072535079502,0.4897684402546554,0.4138624515579406,-0.5974760673524493,0.47060652865658237,0.046399741752731476,-0.44299833762562274,0.04375041009782993,0.15323752808112046,-0.260684865795791
NOUN,0.35164692526566044,-0.3838740397578082,-0.3750469966574527,0.18237598039162292,-0.3860815782563205,0.3879044838615434,-0.1436495684351069,1.0,0.18345760470730152,-0.29479532853169216,0.032445031073320335,-0.7537236915086768,-0.1132720622895433,0.020981467821546602,-0.6620103679141124,-0.2254596918011479,0.21778286925405255,0.43902302201560633,0.2892891157594171,0.027335286822833472,-0.3237285390192332,0.08568301368131138,0.02194611043296824,0.15045961037672703,0.012882791042660584,0.11779198983002753,0.014492410675549627,0.7792394570209018,-0.23680035893705648,-0.11537671994639867,0.7314508156235681,-0.16907495729819352,0.09832072151715071,-0.39342025270740855,-0.2751589276099204,-0.15999881601637636,0.44777373055362124,-0.06623092791608849,-0.011411843357538094,0.09201136180456074,0.08140603481682895,0.09487946925471342,0.4226022038330922,-0.4150633556179593,-0.4671398584760661,-0.5376728880049286,-0.3418134961328341,0.1516804252091512,-0.30517608504552574,-0.4789063817902671,-0.23952107712153053
SCONJ,0.6618950932642795,-0.5777737672909671,-0.14782363699323142,-0.33202139382757206,-0.4704705314003815,0.061134980008523764,0.07211404167584826,0.18345760470730152,1.0,-0.03506071905323446,0.11767075420726295,-0.12645688082209114,0.026767632475313934,-0.32465397408418084,-0.11277223433914255,-0.8216816668760059,-0.24101497350529041,0.6034156236470317,-0.7239761994285544,0.3930269583120436,-0.5534638399278888,0.6214257308740101,0.968322650998328,0.4334287921246164,-0.26815351145541133,0.4144866302881026,-0.2062350330508826,-0.22608505282657973,0.5274392822613971,0.09841600997861198,-0.17013567702470953,0.27560899681691375,-0.6727618713315056,0.2649590239421982,0.30549335407698136,-0.11717959588201148,0.02323629912025507,0.02260684989516621,0.21484806886130048,0.14855895497760863,-0.07011836115438548,-0.4581399473964274,0.30106507527540244,0.04502551522443923,-0.0642495619825739,-0.2823367199286581,0.17130799486930118,0.3075629225134577,-0.3816364749357015,0.06662763819566273,-0.5126755747647884
VERB,0.42799631472988403,-0.5274403654586385,-0.5340331379607881,0.15270542192771022,-0.3096416789928583,-0.26791564354688996,0.25805891337474646,-0.29479532853169216,-0.03506071905323446,1.0,0.8421831284526649,0.1556105822829556,0.5655540526836081,-0.2798387310490896,-0.4233648613670098,-0.19747820838154875,0.3125208287486688,0.020188465813036866,0.20625352096942537,-0.03377261472105236,-0.4873193194610106,0.36997402085987463,-0.005858912512704361,-0.704449223256663,-0.272563479864436,-0.0830905258124572,0.5379427102913755,-0.3428041144963785,0.48369176749940107,0.2090442543752826,-0.2823932757058823,-0.2346679031217297,0.22193905145895781,0.5733543344595672,0.40211893357941647,-0.7546200729449347,-0.2523244997721875,0.3194717555133051,-0.038420478926272754,0.8207617332641938,0.28355670413734524,-0.0016081812705868292,0.09900021945475969,-0.4249684702462617,0.12065791656891395,0.17716062837594296,-0.6732906448069019,0.23852573306460867,-0.2884704538056102,-0.4800972789105504,-0.6095502090174453
ADP,0.658032351897839,-0.6578349875121025,-0.7181097183714596,-0.045131476445926126,-0.37589072673169494,-0.14395551688462446,-0.010499605785554988,0.032445031073320335,0.11767075420726295,0.8421831284526649,1.0,0.08136032686695256,0.4386628445191347,-0.3136441100263745,-0.628960115135608,-0.26696041390533476,0.5436245495747571,0.29805336555354517,0.19647905272440852,-0.21669538499611704,-0.6899870499165254,0.5102034527982844,0.07475517660107103,-0.8051770348498314,-0.11280136205850973,0.12386545685932338,0.6152573217843208,-0.009073562756037764,0.4291929954994286,0.007490875279276788,-0.05761583816356836,-0.09391713989624727,0.09757006892668593,0.22605149210072772,0.24793658667137278,-0.8147380236671061,-0.3571928434699027,0.07284249868021421,-0.005230084037982957,0.992031320144131,0.4694810026829333,0.02755212276980505,0.3046572149704126,-0.58302212402541,0.29693237982102916,-0.2937125388391849,-0.8081874722070326,0.4190233312661606,-0.3481635821416195,-0.6269201270822585,-0.7576595490858833
PROPN,-0.33645461332066473,0.4119801193242763,0.11225730178618058,-0.5667203201190787,0.48107201672990413,-0.7223422195342846,-0.44698179330955856,-0.7537236915086768,-0.12645688082209114,0.1556105822829556,0.08136032686695256,1.0,0.12674080641805213,-0.2635206305480327,0.5572434243973517,0.25892851746499024,-0.06409217579523062,-0.0023252991224561237,-0.09837803958862747,0.11214194177243687,0.3378032373695373,-0.16395305836991908,0.007264259240177817,-0.2819933655367203,0.27696562267381136,-0.39250516280983544,0.013972731469191603,-0.37976947435304664,-0.09465751536875468,-0.4708861752828779,-0.7194366726505035,0.28423107738047465,-0.24664962393800724,0.2090806264072722,0.11201759749669428,0.0030604830472798395,-0.7844353968123917,-0.00158306183006952,0.02198842110927831,0.02449212523480837,-0.2672993036320991,-0.16156460132382555,-0.49339152056818003,0.2209533073137133,0.8330480020575893,0.19428265252541463,0.16992705370205763,0.015375397421073465,0.26089435567771596,0.14153070444535668,0.26792075962129785
PRON,0.3015228493585312,-0.31241087787440214,-0.6737891287141772,0.3867574460078777,-0.6059094100916161,-0.27047569587861964,-0.23682851214872977,-0.1132720622895433,0.026767632475313934,0.5655540526836081,0.4386628445191347,0.12674080641805213,1.0,0.19160772396645975,-0.004212798370118938,-0.3156178983566138,-0.4307074866068454,0.512726833867582,-0.03592474320182743,0.37184037798640335,-0.375740823027353,0.5869709166497241,-0.07980776106175226,-0.3574360536850474,-0.7784780180623584,0.010339585901593663,0.8133318156674675,-0.1162365944546077,-0.17923212825630297,-0.3420203085935559,0.059718382400468846,0.18307718493436834,0.41329772625713246,0.6992747303410717,-0.3563625364239019,-0.22208645621821874,0.21121769078930402,0.0014050657928802663,-0.6266143243916519,0.5124534993047487,0.3611526109985016,-0.6692842013600018,-0.12985040488350424,-0.5316739374482405,-0.04646853108868053,-0.2346188928492015,-0.2084922670474831,0.8007698349025929,-0.7616423709750051,-0.11374208392267707,-0.4677253017873413
NUM,-0.3450108006918855,0.4538597792336407,-0.08399690020032756,0.7611597969910471,0.016823141868813434,0.26110820257417405,-0.14425793286038915,0.020981467821546602,-0.32465397408418084,-0.2798387310490896,-0.3136441100263745,-0.2635206305480327,0.19160772396645975,1.0,0.2529096468886332,0.39806014086623626,-0.3832584467960156,-0.10624949116628599,-0.1909576866998185,-0.4318890528973603,0.3071900942979076,0.2160510663096127,-0.4711062048209601,0.0009472920166962931,-0.4885768940916946,0.4458783350180376,0.38341954852642374,0.26775856522080516,-0.40096558273223587,-0.08284774557280641,0.674240700491005,-0.10423679391971966,0.7075927344975703,-0.2863936293150465,-0.5641312911183365,0.458135775792834,0.6654516076003087,-0.7621533375164197,-0.24466272457830057,-0.2566724634861489,0.5666474413429377,-0.03820937680298092,-0.3967738604617287,-0.2972190026860463,-0.15224096164806222,-0.16739369508381416,0.2657795431015984,0.30747594910415066,0.009514372613153847,0.5161179559682408,0.3270831857903931
ADJ,-0.524107198397825,0.6321744459217313,0.6089839173218851,-0.1875408811621031,0.30234739890366125,-0.12498243785306593,-0.1340023682072774,-0.6620103679141124,-0.11277223433914255,-0.4233648613670098,-0.628960115135608,0.5572434243973517,-0.004212798370118938,0.2529096468886332,1.0,0.17149213697789553,-0.6796230564614908,-0.21835512900755283,-0.4517117865773831,0.22321696021967782,0.5125704561661963,-0.18947234519552128,-0.033702921296883744,0.408011522619255,-0.08890797447154822,-0.012345714138170198,-0.17670243562403895,-0.49344849553610226,-0.2913025409140174,-0.1744259330061613,-0.41273513462689443,0.545424803943097,-0.18561525572823254,0.1674217254303989,-0.3040954896281424,0.7939035273075263,-0.07903469777149369,-0.12868253551157238,-0.3082662555362807,-0.6275853333887095,-0.19009788596911265,-0.4175807259944727,-0.39796535906446207,0.6342769272507912,0.21446262248304362,0.19875472442194006,0.8748807945527565,-0.02986116752944093,0.15215082833749205,0.8382150870079371,0.5183852971059165
advmod:emph,-0.8470923354420378,0.8316319650926597,0.19914396482592758,0.20043064757710372,0.8270667747227668,-0.2755049067862993,-0.2731856873698431,-0.2254596918011479,-0.8216816668760059,-0.19747820838154875,-0.26696041390533476,0.25892851746499024,-0.3156178983566138,0.39806014086623626,0.17149213697789553,1.0,0.2943184374245394,-0.5610345411765182,0.4849829986087496,-0.5671066088867701,0.8153376912492161,-0.6385091650090143,-0.7711897067558072,-0.3259800958087641,0.47246678353183624,-0.3796414419625556,-0.07675223816080232,0.34782680523790693,-0.4651087974368339,-0.2172947939584089,0.16851174619972498,-0.46932101938862614,0.545220808571289,-0.5608066314061733,-0.09074723963109133,0.111650831110858,-0.1468854692215459,-0.35709090148390044,0.2502560798725847,-0.32661341904325447,-0.0663557583076178,0.6548851046311558,-0.6242595289318065,-0.07075052733006175,0.36266104018037526,0.34784038458509925,-0.06858118551539202,-0.44174562042706367,0.7510615502000216,0.032740304992113625,0.7920404715783612
obl:arg,0.14630947796999424,-0.1941764049586975,-0.16098021654496547,-0.2314223591772965,0.301997229411369,0.015635663318696136,0.09063674205644909,0.21778286925405255,-0.24101497350529041,0.3125208287486688,0.5436245495747571,-0.06409217579523062,-0.4307074866068454,-0.3832584467960156,-0.6796230564614908,0.2943184374245394,1.0,-0.2609905129131206,0.5641873982970446,-0.5941297326462291,-0.1423704929170335,-0.2562690738294895,-0.19630445512677044,-0.6002451857651149,0.6692255398023171,-0.13026096900051706,-0.05381935888813259,0.3209418085540946,0.3041666607197215,0.18159357408119975,0.04100363202287055,-0.4411725179982489,0.010643128663277254,-0.4968848383830731,0.4312188169039336,-0.6350342139934749,-0.4849533292321785,0.08492061563641413,0.4956223354168397,0.46774843621735024,0.08707546738508466,0.7821510803359347,0.2774801116179711,-0.2296967025333853,0.29559459268850685,-0.0050852654943448344,-0.7467530385730891,-0.38409253704603546,0.4213527550350238,-0.6678796214157708,-0.14242822962479781
aux,0.52388375827458,-0.43608702306555386,-0.6903663970364599,-0.14285714285714285,-0.5448295322509863,-0.24810170909751905,-0.5990495833427301,0.43902302201560633,0.6034156236470317,0.020188465813036866,0.29805336555354517,-0.0023252991224561237,0.512726833867582,-0.10624949116628599,-0.21835512900755283,-0.5610345411765182,-0.2609905129131206,1.0,-0.25593650885916847,0.4568270530358158,-0.47493586189407644,0.6131526628085179,0.45763618328861494,0.017147482655681424,-0.375542254424757,0.10945322448174315,0.35064478123525833,0.329188183999495,-0.1773386269191274,-0.6170956508693342,0.19511240842645164,0.28544518054676965,-0.1630788285868739,0.21639212761930943,-0.2809634753561781,-0.23554894640406487,0.05303186546101872,-0.18130495256428214,-0.21448623991495833,0.3745459467432014,0.0810133156416921,-0.626903172484916,0.0526355473037093,-0.5042830241632297,0.11110650265587232,-0.667573513164748,-0.14285714285714282,0.7656336890446456,-0.6686576254411701,-0.2785187827202778,-0.4646010957036254
flat,-0.2637775801113311,0.0811743154554369,-0.16818567260124614,0.11460197863132673,0.22245772571557373,-0.13303671879890785,-0.09052509757750644,0.2892891157594171,-0.7239761994285544,0.20625352096942537,0.19647905272440852,-0.09837803958862747,-0.03592474320182743,-0.1909576866998185,-0.4517117865773831,0.4849829986087496,0.5641873982970446,-0.25593650885916847,1.0,-0.12681064454771876,0.18715366326511867,-0.6007876620965166,-0.7031783540938606,-0.47281966385584623,0.436577445193836,-0.6429818840403818,0.11593948582464286,0.4817002850076504,-0.3959195652928026,-0.14416869088953954,0.1855837677956414,-0.4304843711278533,0.4502381976993288,-0.20029525305822465,-0.07323692410545549,-0.375516112743862,-0.1411246378970931,0.3509904732426574,-0.057405632022691506,0.16608027338020973,-0.1658104598134682,0.517036860891676,0.034193794347213737,-0.2664671758299096,-0.06986764055713242,0.14819812347415434,-0.6232298344369285,-0.31569204559022723,0.1684839342983674,-0.69255496462416,0.14920540599954465
nsubj,0.13372527289880626,-0.23984637832571443,0.009517222832875987,-0.23881094119785795,-0.382284837968521,-0.2836667110105175,-0.07158233108549446,0.027335286822833472,0.3930269583120436,-0.03377261472105236,-0.21669538499611704,0.11214194177243687,0.37184037798640335,-0.4318890528973603,0.22321696021967782,-0.5671066088867701,-0.5941297326462291,0.4568270530358158,-0.12681064454771876,1.0,-0.11895988601366318,0.018259642018487038,0.42932464311609747,0.5077075299893477,-0.27582009282895487,-0.40890640143518103,-0.16804305611290302,-0.2585074879575949,-0.15151167405370483,-0.2341524359055558,-0.3814045898766912,0.328339671247245,-0.38449420758457925,0.7039004887033341,-0.0444031931537886,0.08608826230762438,0.05744574341911049,0.5950762027873098,-0.3239962254315251,-0.1747053550296754,-0.5878422996171834,-0.6759696996400869,0.036839246114569624,0.22138766373846455,-0.29848403326637885,0.1008940655445272,0.2863275446452096,0.16741830607335959,-0.51433150503525,-0.04141656456735907,-0.14510791474493534
root,-0.9880347151459543,0.9545272795429058,0.4817046376473654,0.055952257408872344,0.8515722599479837,-0.38989463715619016,-0.2599989487586017,-0.3237285390192332,-0.5534638399278888,-0.4873193194610106,-0.6899870499165254,0.3378032373695373,-0.375740823027353,0.3071900942979076,0.5125704561661963,0.8153376912492161,-0.1423704929170335,-0.47493586189407644,0.18715366326511867,-0.11895988601366318,1.0,-0.7224532056923036,-0.45458140025573446,0.19959943660772067,0.40099501430142476,-0.5074555752038006,-0.4428577326129716,0.13996595300250983,-0.5100281578903315,-0.25240064784089017,-0.06065522955392531,-0.326192011011461,0.24308269274398384,-0.3434095430393707,-0.037337874970755885,0.39923868271340074,-0.060825654974085694,-0.20085998612614275,0.2782775521096004,-0.7413552272935899,-0.48186003131781563,0.3818115439537784,-0.7673615388410381,0.2565121206523486,0.22733391520020552,0.5463237983020796,0.3781828571847914,-0.5426700905077388,0.7389518243420907,0.3069261520852967,0.98789091703978
advcl,0.7370450645149802,-0.599572570424308,-0.6064504035118647,0.2293735623409196,-0.7201563585473933,0.15097068769788288,-0.024171536186832612,0.08568301368131138,0.6214257308740101,0.36997402085987463,0.5102034527982844,-0.16395305836991908,0.5869709166497241,0.2160510663096127,-0.18947234519552128,-0.6385091650090143,-0.2562690738294895,0.6131526628085179,-0.6007876620965166,0.018259642018487038,-0.7224532056923036,1.0,0.4709827006248243,-0.1512666023355402,-0.7437269379027581,0.7012221310708739,0.5904718975758715,-0.13891432627549594,0.3692251922016147,0.01089916751291842,0.2023254363086639,0.2584465941625339,0.006613132251484941,0.3410282855704487,-0.09677532093086576,-0.20825403776664209,0.2626786480721093,-0.3553821365424567,-0.2186781384372342,0.5820512130800924,0.6497469833850523,-0.5605875655850776,0.20707156678498653,-0.46213353419673553,-0.01721446763253882,-0.5384655950878233,-0.10959848405815573,0.8190094064184578,-0.6737023088839932,0.08520760157091564,-0.7299981382099162
mark,0.5678831957459805,-0.5120076334137966,0.009637649319606884,-0.46374576520512795,-0.32369819878418,-0.030344666457991692,0.1574450644169768,0.02194611043296824,0.968322650998328,-0.005858912512704361,0.07475517660107103,0.007264259240177817,-0.07980776106175226,-0.4711062048209601,-0.033702921296883744,-0.7711897067558072,-0.19630445512677044,0.45763618328861494,-0.7031783540938606,0.42932464311609747,-0.45458140025573446,0.4709827006248243,1.0,0.4600724181414502,-0.12658484403142092,0.28058931188346686,-0.36363761180953746,-0.3750073854567719,0.6131279739634915,0.17294019358285617,-0.38443744804819135,0.24919435078960783,-0.7870874682168166,0.31415713389916333,0.47267243590711255,-0.12853455690066887,-0.13308076752710368,0.16600875471224483,0.31966441273323304,0.07909553179807613,-0.23766896646899235,-0.37770325989007253,0.26106522080808064,0.20885277730567856,0.001410521124566404,-0.08520293896292153,0.2127563367802973,0.11997368451885196,-0.233628466559085,0.0795788965757164,-0.4265307500944172
det,-0.12859061019072301,0.12102086578919466,0.5898151928339737,-0.10579311769655064,-0.059992998912250996,0.2844590648435536,0.22139128485588097,0.15045961037672703,0.4334287921246164,-0.704449223256663,-0.8051770348498314,-0.2819933655367203,-0.3574360536850474,0.0009472920166962931,0.408011522619255,-0.3259800958087641,-0.6002451857651149,0.017147482655681424,-0.47281966385584623,0.5077075299893477,0.19959943660772067,-0.1512666023355402,0.4600724181414502,1.0,-0.07832724455894029,0.08291946871853749,-0.6736054760962652,-0.1643170915730611,-0.04299844026146576,0.18819235568970968,-0.04955598385436552,0.24065489000643955,-0.47135899411888044,0.048259846112427285,-0.03488058385880798,0.6329500559840722,0.40620417628916194,0.15798744999485292,0.036288503148779724,-0.7756361207543402,-0.4896210826824252,-0.288621541048437,0.07321044371894765,0.5979731567699017,-0.5029347514065234,0.14767597090920617,0.764670240154519,-0.25612743109572417,-0.004649557705717373,0.5163087103480029,0.2820941085971888
csubj,-0.3580334321491598,0.32843110014925936,0.40817734379041176,-0.6296483623391369,0.7311384186884727,-0.17860699509597136,-0.11471030791708571,0.012882791042660584,-0.26815351145541133,-0.272563479864436,-0.11280136205850973,0.27696562267381136,-0.7784780180623584,-0.4885768940916946,-0.08890797447154822,0.47246678353183624,0.6692255398023171,-0.375542254424757,0.436577445193836,-0.27582009282895487,0.40099501430142476,-0.7437269379027581,-0.12658484403142092,-0.07832724455894029,1.0,-0.45799551385841025,-0.5984392247729828,0.2211804641932566,-0.02344929180150173,-0.05477584292623057,-0.2775107141261481,-0.19212553072698157,-0.350281130674877,-0.5894890042879213,0.34577308219186537,-0.11066718088583552,-0.6594524509663637,0.17435500874439602,0.5403418736338668,-0.209406444018056,-0.49362993017485585,0.6860877026679698,0.002609834319268749,0.3367699866445327,0.4223159780533363,0.21467818106566444,-0.14174002438247055,-0.7215166523820937,0.7402849327188813,-0.29677334139268136,0.4362960402877481
xcomp,0.5198303528557522,-0.32158901269800366,-0.0536335820481055,0.23549555660062624,-0.46131163474425146,0.6875139869586061,0.2587922683354492,0.11779198983002753,0.4144866302881026,-0.0830905258124572,0.12386545685932338,-0.39250516280983544,0.010339585901593663,0.4458783350180376,-0.012345714138170198,-0.3796414419625556,-0.13026096900051706,0.10945322448174315,-0.6429818840403818,-0.40890640143518103,-0.5074555752038006,0.7012221310708739,0.28058931188346686,0.08291946871853749,-0.45799551385841025,1.0,0.28344199558014826,-0.12173464540823227,0.38356238942513443,0.36910260315877563,0.37107545102995004,0.3403839104357134,-0.050716358682005316,-0.1702972191274014,-0.19893229458311637,0.258831937806786,0.3913988145742834,-0.5261099812008107,-0.14218472348263217,0.17760399019695478,0.7691958660461121,-0.22167209169205318,0.40893520844761055,-0.03910332926727491,-0.15800619406784072,-0.5279056330401231,0.2092993649166333,0.4262007344616429,-0.2912628158609137,0.4681191831435016,-0.43166948885529727
obl,0.34512313945730755,-0.2764426224211369,-0.7184969615535901,0.4436064035982844,-0.5174089949381826,0.012816664800232538,-0.26262745160523604,0.014492410675549627,-0.2062350330508826,0.5379427102913755,0.6152573217843208,0.013972731469191603,0.8133318156674675,0.38341954852642374,-0.17670243562403895,-0.07675223816080232,-0.05381935888813259,0.35064478123525833,0.11593948582464286,-0.16804305611290302,-0.4428577326129716,0.5904718975758715,-0.36363761180953746,-0.6736054760962652,-0.5984392247729828,0.28344199558014826,1.0,0.12269492570415089,-0.1882682788052274,-0.2831756673249665,0.345293171557545,0.17158584179269068,0.5893876235443941,0.2535967519481736,-0.5063141854614513,-0.23077810527980624,0.16557669353844148,-0.3021650838063169,-0.6194989619006419,0.681433309172944,0.7688992858886469,-0.3682853160310908,0.04169064703886208,-0.6537130019233524,0.09296592476275939,-0.5093793255890288,-0.4015398843271113,0.8071036280258986,-0.6148043004159987,-0.15241080111957317,-0.4982234072246152
nmod,-0.1227436419924848,0.1311052232217205,-0.4433794445855036,0.2210214389211285,0.09766005216285806,-0.001290336949811882,-0.5646656863033755,0.7792394570209018,-0.22608505282657973,-0.3428041144963785,-0.009073562756037764,-0.37976947435304664,-0.1162365944546077,0.26775856522080516,-0.49344849553610226,0.34782680523790693,0.3209418085540946,0.329188183999495,0.4817002850076504,-0.2585074879575949,0.13996595300250983,-0.13891432627549594,-0.3750073854567719,-0.1643170915730611,0.2211804641932566,-0.12173464540823227,0.12269492570415089,1.0,-0.5801030975123327,-0.500777888452137,0.7733358596891118,-0.36130379361584414,0.4173051119237074,-0.6549137070986716,-0.388131315281431,-0.16109661758649982,0.23060863986144078,-0.41430257826394534,0.09924331857086614,0.021768669163973603,0.08517558737179529,0.3232273739184951,-0.10280206803424058,-0.5981356863306068,-0.011018210528447894,-0.45381818752405106,-0.4033817914959405,0.11368266720715846,0.05690371382566767,-0.4725616705334606,0.19199948370955677
advcl:cmpr,0.5571087849191158,-0.5689637551673522,0.06982580319970677,-0.17733862691912752,-0.18512667594199855,0.18894740203380161,0.6798167012065169,-0.23680035893705648,0.5274392822613971,0.48369176749940107,0.4291929954994286,-0.09465751536875468,-0.17923212825630297,-0.40096558273223587,-0.2913025409140174,-0.4651087974368339,0.3041666607197215,-0.1773386269191274,-0.3959195652928026,-0.15151167405370483,-0.5100281578903315,0.3692251922016147,0.6131279739634915,-0.04299844026146576,-0.02344929180150173,0.38356238942513443,-0.1882682788052274,-0.5801030975123327,1.0,0.7315483223650613,-0.40126486358969093,-0.10830350280378759,-0.44579436995208827,0.24245623827922713,0.7795436173287252,-0.40815292938284276,-0.20509105486250892,0.24961524324366352,0.45688992083593943,0.38154216981502165,0.11663645442843212,0.1560728972326549,0.39835560756095717,0.16016192035118837,-0.023916755879004138,0.23924319335024022,-0.17733862691912744,-0.18124680139487753,0.0494136434517056,-0.03688914900133485,-0.5272474621297063
cc,0.24261362537768455,-0.329676198805604,0.4259376391334866,0.2066400288336189,-0.14690827773609713,0.6072626512832192,0.9797966580034844,-0.11537671994639867,0.09841600997861198,0.2090442543752826,0.007490875279276788,-0.4708861752828779,-0.3420203085935559,-0.08284774557280641,-0.1744259330061613,-0.2172947939584089,0.18159357408119975,-0.6170956508693342,-0.14416869088953954,-0.2341524359055558,-0.25240064784089017,0.01089916751291842,0.17294019358285617,0.18819235568970968,-0.05477584292623057,0.36910260315877563,-0.2831756673249665,-0.500777888452137,0.7315483223650613,1.0,-0.11192054226953349,-0.1825398936095636,-0.13402701013223237,0.09850480993128441,0.49948502300154524,-0.0068118410185257165,0.23902394909288283,0.33795642983437224,0.2215224347508106,-0.02395267555916787,0.13126388396846947,0.3181273990407722,0.4827176855196008,0.3794918391448255,-0.5211821192001438,0.4139042739115445,0.028368874271039686,-0.4591856676559218,0.14005190570235987,0.17678327114086112,-0.2388929998703296
nsubj:pass,0.04396028604760264,-0.00454827565753136,-0.39928177585915775,0.673583902826809,-0.24623177641055122,0.44460874243540616,-0.18219609936773334,0.7314508156235681,-0.17013567702470953,-0.2823932757058823,-0.05761583816356836,-0.7194366726505035,0.059718382400468846,0.674240700491005,-0.41273513462689443,0.16851174619972498,0.04100363202287055,0.19511240842645164,0.1855837677956414,-0.3814045898766912,-0.06065522955392531,0.2023254363086639,-0.38443744804819135,-0.04955598385436552,-0.2775107141261481,0.37107545102995004,0.345293171557545,0.7733358596891118,-0.40126486358969093,-0.11192054226953349,1.0,-0.2728216040898578,0.6256932900492368,-0.5082856112058697,-0.5349149498142269,0.0729116911524083,0.7157820411741803,-0.5605246386929407,-0.14392016494365506,0.014787292653519305,0.5125923511580037,0.1464775051670275,0.056073449061195955,-0.5845606190298906,-0.3926923845869422,-0.49402647768579744,-0.21569219446219598,0.30391965078705435,-0.18178719357519701,-0.10284293486765338,0.002169499144534582
discourse,0.30166157377786196,-0.13470791477394395,0.22831737315769232,-0.45003636188327445,-0.38044387160705206,0.2697140079709368,-0.14055834404859482,-0.16907495729819352,0.27560899681691375,-0.2346679031217297,-0.09391713989624727,0.28423107738047465,0.18307718493436834,-0.10423679391971966,0.545424803943097,-0.46932101938862614,-0.4411725179982489,0.28544518054676965,-0.4304843711278533,0.328339671247245,-0.326192011011461,0.2584465941625339,0.24919435078960783,0.24065489000643955,-0.19212553072698157,0.3403839104357134,0.17158584179269068,-0.36130379361584414,-0.10830350280378759,-0.1825398936095636,-0.2728216040898578,1.0,-0.48512843686847795,0.2253977650024838,-0.5020332199423778,0.54954451253568,-0.14333053881471847,0.03848900549680197,-0.6586454731159915,-0.04233107830054905,0.16876051995681512,-0.7296213893555005,0.3947939315456478,0.46548279942259385,0.09525873176977838,-0.5229857925666918,0.5465866604700372,0.43364438862212573,-0.48403142268215577,0.47274514684745544,-0.2695389473836064
csubj:pass,-0.333236838606089,0.2754436484794557,-0.41695288712562756,0.8533902438214429,0.018542274710336665,-0.02137318636532449,-0.13046703404666563,0.09832072151715071,-0.6727618713315056,0.22193905145895781,0.09757006892668593,-0.24664962393800724,0.41329772625713246,0.7075927344975703,-0.18561525572823254,0.545220808571289,0.010643128663277254,-0.1630788285868739,0.4502381976993288,-0.38449420758457925,0.24308269274398384,0.006613132251484941,-0.7870874682168166,-0.47135899411888044,-0.350281130674877,-0.050716358682005316,0.5893876235443941,0.4173051119237074,-0.44579436995208827,-0.13402701013223237,0.6256932900492368,-0.48512843686847795,1.0,-0.10635625923878343,-0.38877972830289814,-0.0984851157270538,0.48312412709646496,-0.37138929043607427,-0.24001109669767925,0.12901947684692538,0.4507013068361055,0.2166832946292275,-0.39128018304149015,-0.629607058938246,-0.16318845154363945,0.038401025191393476,-0.3516464126908903,0.20942551183195865,-0.02558215771936944,-0.12085405935750972,0.18665209970487043
acl,0.3023883973937309,-0.40944712940775013,-0.1656267888236264,0.05383127299703536,-0.5147619264404323,-0.26473327530785634,0.25433835338123095,-0.39342025270740855,0.2649590239421982,0.5733543344595672,0.22605149210072772,0.2090806264072722,0.6992747303410717,-0.2863936293150465,0.1674217254303989,-0.5608066314061733,-0.4968848383830731,0.21639212761930943,-0.20029525305822465,0.7039004887033341,-0.3434095430393707,0.3410282855704487,0.31415713389916333,0.048259846112427285,-0.5894890042879213,-0.1702972191274014,0.2535967519481736,-0.6549137070986716,0.24245623827922713,0.09850480993128441,-0.5082856112058697,0.2253977650024838,-0.10635625923878343,1.0,0.14938332198984594,-0.16487909305613774,0.027346426766740657,0.5581418430114342,-0.3907266588914685,0.2539219517583314,-0.13677313077985376,-0.6445494044245035,0.0298172107971334,0.05100795172618741,-0.21645074026433472,0.2673880647853165,0.05383127299703537,0.32017121352156136,-0.5876921568984252,0.011341638554481302,-0.44191563793351735
expl:pass,0.11092739352109768,-0.225358738080128,0.12976713913993118,-0.2809634753561781,0.2835627431625837,-0.2820242729756761,0.4693004081867064,-0.2751589276099204,0.30549335407698136,0.40211893357941647,0.24793658667137278,0.11201759749669428,-0.3563625364239019,-0.5641312911183365,-0.3040954896281424,-0.09074723963109133,0.4312188169039336,-0.2809634753561781,-0.07323692410545549,-0.0444031931537886,-0.037337874970755885,-0.09677532093086576,0.47267243590711255,-0.03488058385880798,0.34577308219186537,-0.19893229458311637,-0.5063141854614513,-0.388131315281431,0.7795436173287252,0.49948502300154524,-0.5349149498142269,-0.5020332199423778,-0.38877972830289814,0.14938332198984594,1.0,-0.5662986699774851,-0.4126477865931572,0.3818667276514443,0.7957679032108071,0.15460883183477458,-0.3955102120633239,0.4625918316990391,-0.019239846634778388,0.13490567082061927,0.14121263307114496,0.6251938206913251,-0.2809634753561781,-0.5497958101326577,0.4422306116164139,-0.2827671626467995,-0.08977193516600336
amod,-0.41328144852480614,0.5290790549701649,0.674437967437569,0.02703985934234744,0.10736202706108261,0.40284126420084326,0.0014224063480434085,-0.15999881601637636,-0.11717959588201148,-0.7546200729449347,-0.8147380236671061,0.0030604830472798395,-0.22208645621821874,0.458135775792834,0.7939035273075263,0.111650831110858,-0.6350342139934749,-0.23554894640406487,-0.375516112743862,0.08608826230762438,0.39923868271340074,-0.20825403776664209,-0.12853455690066887,0.6329500559840722,-0.11066718088583552,0.258831937806786,-0.23077810527980624,-0.16109661758649982,-0.40815292938284276,-0.0068118410185257165,0.0729116911524083,0.54954451253568,-0.0984851157270538,-0.16487909305613774,-0.5662986699774851,1.0,0.34031412180036164,-0.22916313387508766,-0.4060180836839565,-0.7760241809031496,-0.01708084197342604,-0.31783129083192707,-0.059573528807797795,0.6261740927235636,-0.20803909513611876,-0.07209061664907117,0.909100081884321,-0.05858037765615121,0.060630091298690306,0.8581544951142588,0.4829507536090345
nummod,0.03676036444024429,-0.07101032347404194,-0.08681791128508583,0.8179475431376999,-0.46476267083167405,0.5376805517830354,0.2560419607630592,0.44777373055362124,0.02323629912025507,-0.2523244997721875,-0.3571928434699027,-0.7844353968123917,0.21121769078930402,0.6654516076003087,-0.07903469777149369,-0.1468854692215459,-0.4849533292321785,0.05303186546101872,-0.1411246378970931,0.05744574341911049,-0.060825654974085694,0.2626786480721093,-0.13308076752710368,0.40620417628916194,-0.6594524509663637,0.3913988145742834,0.16557669353844148,0.23060863986144078,-0.20509105486250892,0.23902394909288283,0.7157820411741803,-0.14333053881471847,0.48312412709646496,0.027346426766740657,-0.4126477865931572,0.34031412180036164,1.0,-0.2208018907059579,-0.3029331475443611,-0.2683836846857968,0.3072828122691531,-0.1955221897056241,0.06494917795196388,-0.2153460852119975,-0.8060612134435364,-0.11233590799857948,0.20400206500246892,0.23005041921248448,-0.36579997405486137,0.2729760850096762,-0.021510146668756808
conj,0.17027109418754868,-0.3926306064326179,0.24596429578932916,-0.30616154849786387,-0.183743167988186,-0.041882356812339004,0.48416284263911785,-0.06623092791608849,0.02260684989516621,0.3194717555133051,0.07284249868021421,-0.00158306183006952,0.0014050657928802663,-0.7621533375164197,-0.12868253551157238,-0.35709090148390044,0.08492061563641413,-0.18130495256428214,0.3509904732426574,0.5950762027873098,-0.20085998612614275,-0.3553821365424567,0.16600875471224483,0.15798744999485292,0.17435500874439602,-0.5261099812008107,-0.3021650838063169,-0.41430257826394534,0.24961524324366352,0.33795642983437224,-0.5605246386929407,0.03848900549680197,-0.37138929043607427,0.5581418430114342,0.3818667276514443,-0.22916313387508766,-0.2208018907059579,1.0,-0.09342694286396573,0.04288746664088067,-0.561011524697338,-0.048124049113949956,0.4088084368294124,0.40218527241601976,-0.3630287586878811,0.44184844825735614,-0.12622116024064278,-0.38699534098434357,-0.16079480646071795,-0.3548855024936757,-0.2437984947427113
appos,-0.1649402448886614,0.12859882318915697,0.11424565996341261,-0.21448623991495838,0.5793210248245336,-0.2861154172600099,0.10895368273849908,-0.011411843357538094,0.21484806886130048,-0.038420478926272754,-0.005230084037982957,0.02198842110927831,-0.6266143243916519,-0.24466272457830057,-0.3082662555362807,0.2502560798725847,0.4956223354168397,-0.21448623991495833,-0.057405632022691506,-0.3239962254315251,0.2782775521096004,-0.2186781384372342,0.31966441273323304,0.036288503148779724,0.5403418736338668,-0.14218472348263217,-0.6194989619006419,0.09924331857086614,0.45688992083593943,0.2215224347508106,-0.14392016494365506,-0.6586454731159915,-0.24001109669767925,-0.3907266588914685,0.7957679032108071,-0.4060180836839565,-0.3029331475443611,-0.09342694286396573,1.0,-0.09428078969754304,-0.370476204594395,0.6875085209381295,-0.26934722015711,-0.021126571080598396,0.28266631805072623,0.43462463293167186,-0.21448623991495838,-0.5877472360434066,0.7203562265914838,-0.22511102793626286,0.2773610112708312
