,len,PUNCT,AUX,ADV,PART,CCONJ,NOUN,SCONJ,VERB,ADP,PROPN,PRON,NUM,ADJ,advmod:emph,obl:arg,aux,flat,nsubj,root,advcl,mark,det,csubj,xcomp,obl,nmod,advcl:cmpr,cc,nsubj:pass,discourse,csubj:pass,acl,expl:pass,amod,nummod,conj,appos,case,xcomp:pred,aux:pass,advmod:neg,cop,obj,ccomp,parataxis,fixed,acl:relcl,advmod,orphan,punct
len,1.0,-0.9781966545311331,0.27209808683043923,0.5367371131748413,-0.494957023499455,-0.43278284075549855,0.2638707645845784,-0.34778156275961886,0.49628033723852694,-0.33945284689469696,-0.518367134439907,-0.8727237925775381,0.7670761956334605,0.6979140071626696,-0.5888057668435449,-0.5508061970913449,-0.4742309216078314,-0.8083087302861885,-0.6580470349347597,-0.9675315102598205,0.4318394782274488,-0.1500180434840917,0.14518380887340676,0.4525121851203094,0.4501803242436182,0.2712872698579281,0.7564195923896319,0.8272458677374279,-0.462594450186866,0.3672231306024446,-0.9468033698826576,-0.2150927643230217,-0.04526261644556403,0.35799909059545637,0.436348885825625,0.9357217872602427,-0.5747796661413084,0.6649273698121674,-0.44596396426986484,0.5944212403477497,0.4690602216005465,-0.12482392573137067,-0.9009826969814309,0.030007972124477426,-0.013133814421282662,0.24881173913953492,-0.8806504937679276,0.7791524832736179,0.5796063550709706,-0.517768171819797,-0.9842249984148737
PUNCT,-0.9781966545311331,1.0,-0.14225897664357295,-0.45711208102962625,0.6452603855504337,0.38998805783867063,-0.4573829717408131,0.1640164544483611,-0.306359456928893,0.24006078026901875,0.5703883076334252,0.7523541916877159,-0.6487476521175649,-0.7078673331237298,0.6768822160595288,0.3878332527151607,0.6172547125558132,0.6766368991694584,0.6539918032224664,0.9808560505332892,-0.5918569606306024,-0.047021245758673426,-0.20336110895737108,-0.45317437160413515,-0.5954034345026921,-0.26294475751183144,-0.804682977391564,-0.8606191291769603,0.3769806565098742,-0.3796841136390816,0.9140177972466519,0.3297411192518718,0.22874625653443006,-0.24171896587135014,-0.48981422246233075,-0.8781637447207236,0.5732640809963613,-0.6089391979229853,0.34715588578461304,-0.48442799689440413,-0.3742569311634572,0.09126095154242878,0.7935955093458024,0.1471226053254448,0.21912358052732722,-0.18002257124801155,0.9044947792358483,-0.8269702571001212,-0.4519103033799288,0.3619234957192617,0.9499344836467495
AUX,0.27209808683043923,-0.14225897664357295,1.0,-0.24604836960270388,0.6237451651945082,-0.8833211712000241,-0.42601612142550677,-0.2993525451366586,0.5740454714320244,0.2698581632750066,0.6440676927840914,-0.5403342846006393,0.18726341608865935,-0.4153174445690003,-0.3579624358049147,-0.8932188334052089,-0.05036827738212931,-0.38729021549251724,-0.716741725534257,-0.02031103064824976,-0.07885920452586644,-0.35052580890149426,0.5762059892469465,-0.5792964813664984,0.047001130362493024,0.8074120657250531,-0.4143152019454744,-0.30338883127711214,-0.9532889463475653,0.7394081717980069,-0.531426423376567,0.8804799609209533,0.17248840876627927,0.9933697290008277,-0.7017729621081328,0.1318329974207185,-0.7412622221481332,0.8434789444174592,0.21582964421649195,0.9346327473320596,0.9622595832381055,0.6180806827235944,-0.4227342812208739,0.11776507149929787,0.6761090571185453,0.9437486675364549,0.20567829881330146,0.43627817064651325,0.03706891666126828,-0.18060685204748517,-0.42983092505792736
ADV,0.5367371131748413,-0.45711208102962625,-0.24604836960270388,1.0,-0.3165314248380578,0.40512945728843563,-0.24905343611846908,-0.7746270352651907,0.6262018516776618,-0.9724711099973724,-0.7999213106000944,-0.6159219923500924,0.894524340205113,0.8839605389759917,0.34526274006908314,-0.2143607539061196,0.3598146546784824,-0.7785728323831543,0.24739464859456692,-0.6135281528172092,-0.33418461768744107,-0.6400662084814832,-0.7531287226045488,0.9187750492333875,-0.3835910674985708,-0.5991293934806826,0.7512368014635779,0.7553438468604764,0.2616453846017573,-0.5545013382074101,-0.2811697453784091,-0.5416936313941371,0.6217658459794252,-0.23900528337877036,0.7939161891047315,0.7971961888107272,0.3439727299153573,-0.13753789134459382,-0.9906582518292484,-0.03720566141329305,-0.2245753246488884,-0.8785755552114428,-0.6985020514821794,0.7033933572889843,0.22806219789920001,-0.48164118770276976,-0.7362447147264277,-0.10669356746649591,0.9570904403447922,-0.8924411303019301,-0.41953260144761595
PART,-0.494957023499455,0.6452603855504337,0.6237451651945082,-0.3165314248380578,1.0,-0.25773852774260747,-0.8361532202003802,-0.32957735259523296,0.38413984255390227,0.1493570824043618,0.8059295467248324,0.04736434326715369,-0.16269389086758904,-0.715839936092432,0.41542810394500423,-0.4518270464626442,0.6198325192285481,0.057239985196610436,0.06994161810071307,0.6821670862664816,-0.6959680160266077,-0.5213929939227655,0.06878183073775863,-0.6119207411455794,-0.6100410753225892,0.25165103570091535,-0.8414057001668098,-0.7989632881263716,-0.3697355650994765,0.1039575564680992,0.2993605287834935,0.8613925936478453,0.5323945005835086,0.5310212716052405,-0.7829154990708864,-0.44340191604574664,0.0058851818905618905,0.10766840280781222,0.19560966910667468,0.3244872026086889,0.3905896843433702,0.3307232487229063,0.15686135955779393,0.438187021760628,0.8221135397332248,0.4734629811354882,0.7634768689794227,-0.41482069532621296,-0.0911390356311531,-0.0888621046988375,0.37430893074316157
CCONJ,-0.43278284075549855,0.38998805783867063,-0.8833211712000241,0.40512945728843563,-0.25773852774260747,1.0,-0.047768674225817695,-0.06736442379460485,-0.2645858265146217,-0.5180387494646376,-0.5333656826225699,0.46987004357571593,-0.04240009382781485,0.3435645319780806,0.7497440577716782,0.7189744928031703,0.5118500577746288,0.24970479039876758,0.9433283023000165,0.22283296518711154,-0.3970323152536877,-0.07535977654430402,-0.8530408206341631,0.6020788743299456,-0.509532241728156,-0.9730294989372853,0.23277142712222054,0.12915461488427293,0.9758583969413576,-0.9635489523720754,0.6998719385389326,-0.6996855895805418,0.2824347729799089,-0.925397686562313,0.6113365384974878,-0.164031583204468,0.9646068244942997,-0.9582799912470175,-0.4349515634660521,-0.9128902213973795,-0.9635858728770221,-0.7923457567845732,0.3702741923440129,0.31741974350671753,-0.25619022144962755,-0.9721227940954211,-0.030074761085182866,-0.7693335811368497,0.1902792529623567,-0.1053714230317748,0.5829412580167304
NOUN,0.2638707645845784,-0.4573829717408131,-0.42601612142550677,-0.24905343611846908,-0.8361532202003802,-0.047768674225817695,1.0,0.761651014115168,-0.7063705714987941,0.4174486159484649,-0.35035831871817413,0.23637107960733558,-0.3080224289730981,0.23067205334099727,-0.6854376765686395,0.5115625668351679,-0.8810554153208792,0.3345951137297202,-0.2954594135823661,-0.3954596374075195,0.9347446999373117,0.8879515046051062,0.41505343163272007,0.08003931310676861,0.8834932633919526,0.15550437449156196,0.4419308514031826,0.4059426587721442,0.14694680757789952,0.282884493570446,-0.22501900503165517,-0.530039769595936,-0.9093803516207324,-0.3301783143211627,0.3223636013544678,0.045199064493576316,-0.2832822804678702,0.05491062317647677,0.3715440026586049,-0.22674254691516962,-0.18950382233240823,0.20651991414919782,0.17737848546765883,-0.859425085297983,-0.9450522522990253,-0.13622108261541116,-0.3891347849801996,0.5587356519093806,-0.43769859068485045,0.5803892475597853,-0.21681624003614483
SCONJ,-0.34778156275961886,0.1640164544483611,-0.2993525451366586,-0.7746270352651907,-0.32957735259523296,-0.06736442379460485,0.761651014115168,1.0,-0.9441105071690131,0.8250965096556631,0.24057821217205294,0.7112687061204156,-0.8474940020571718,-0.4217003459431158,-0.4653009737444813,0.6444708790520102,-0.6529009129888055,0.8317318377107057,-0.1131407550202857,0.27207389978356444,0.6954607421617011,0.9742576154789416,0.577062794071838,-0.46980495433646774,0.6723313050123004,0.27996005919639727,-0.2281027015955699,-0.2790578173771735,0.14660443707942822,0.3251343859669235,0.25254110023732484,-0.09741880480735501,-0.9202845257463771,-0.25861448027065825,-0.23269480924009223,-0.5985662040259035,-0.1711041659691198,-0.11340998613528254,0.832608241368109,-0.341795854253242,-0.19574656095082343,0.5610323955076686,0.7111429623903577,-0.9414305113938104,-0.7919708808868263,0.021622004402433982,0.3005211671367987,0.21077972891346025,-0.9101422178186207,0.9691349398768888,0.328523030331016
VERB,0.49628033723852694,-0.306359456928893,0.5740454714320244,0.6262018516776618,0.38413984255390227,-0.2645858265146217,-0.7063705714987941,-0.9441105071690131,1.0,-0.6334388257040903,-0.07421195468056861,-0.8523749229339226,0.8440952449692074,0.3124351868750261,0.19142560720464158,-0.8592024863435731,0.44942264558691075,-0.895957495288562,-0.20869562909167383,-0.35632436492285774,-0.5277129307306856,-0.9117750877027379,-0.27710832255406437,0.26989414295676045,-0.4693717819003501,0.04846284011708337,0.16400504427390306,0.24751034654007076,-0.4623385199022549,0.004756228751295966,-0.48865049862397386,0.30982607165673826,0.7892591247549642,0.5506982549230577,0.03975545697313749,0.6490721418114983,-0.15783980478576914,0.430301198965374,-0.6698061855235891,0.6324670431385649,0.5056089241706617,-0.2881244078634212,-0.8213536580647622,0.8003387262140245,0.8384944530589963,0.294663914337493,-0.3009121776095501,0.063205604239133,0.8251873198037176,-0.9069646641504288,-0.5251521136654529
ADP,-0.33945284689469696,0.24006078026901875,0.2698581632750066,-0.9724711099973724,0.1493570824043618,-0.5180387494646376,0.4174486159484649,0.8250965096556631,-0.6334388257040903,1.0,0.7038788339569284,0.49948996773758764,-0.8214786362688581,-0.7689439241323074,-0.5513363630352733,0.16860218948105027,-0.5638891064257537,0.6937914573524259,-0.4220433024442262,0.4133683610247054,0.5339348767586352,0.735612416587465,0.8651214615483855,-0.8699381521773825,0.5844057818928508,0.7013583239001739,-0.5957806385954517,-0.5896888466078313,-0.3528198407945211,0.6864808513584902,0.08469472243439419,0.47374050661780875,-0.7574145663593425,0.28936065481001766,-0.7167529385352039,-0.6491404505569557,-0.5059918936070524,0.2830012297644754,0.9932514517018852,0.13437373337102512,0.31068192831704544,0.9221892051480381,0.574847258706474,-0.8233305292889432,-0.33976032044113036,0.5431852095296972,0.5606461895209429,0.32485051103964113,-0.9380345843812768,0.8968345897939305,0.2238970374281921
PROPN,-0.518367134439907,0.5703883076334252,0.6440676927840914,-0.7999213106000944,0.8059295467248324,-0.5333656826225699,-0.35035831871817413,0.24057821217205294,-0.07421195468056861,0.7038788339569284,1.0,0.2911861780693059,-0.5800452700822437,-0.9626727473722951,-0.06267614186776757,-0.2638117210465391,0.08800176390214286,0.42117778712874177,-0.24406855268279753,0.7045317356562991,-0.16531421409275673,0.05460996741189344,0.5891226600989898,-0.961346289332426,-0.06953989192714671,0.6318727188279638,-0.9465605850377476,-0.9072611109974764,-0.5170844989558148,0.5185439289001912,0.22013055771404363,0.9175957227094791,-0.07094280055032308,0.5920460655163472,-0.9954743809468962,-0.6733783912097262,-0.3382945878771577,0.291240189375456,0.7280166477667652,0.35724430889521697,0.5071406238739872,0.8032003724985388,0.41704413521525785,-0.17697811399694136,0.4018230510199309,0.6984837547491738,0.8600696570358493,-0.06468544361914898,-0.6089772592359589,0.45358641357678275,0.3588988346571678
PRON,-0.8727237925775381,0.7523541916877159,-0.5403342846006393,-0.6159219923500924,0.04736434326715369,0.46987004357571593,0.23637107960733558,0.7112687061204156,-0.8523749229339226,0.49948996773758764,0.2911861780693059,1.0,-0.9017215968479866,-0.538972955625166,0.28679783767706113,0.8417818824189733,0.060981720426208245,0.9700969574241957,0.5617908633502811,0.7605480006644881,0.01524387646575182,0.5811175201969069,0.0027455436004347753,-0.3563394123208274,-0.03622126092421065,-0.2574247250076279,-0.4990561777237053,-0.5933232426861482,0.5937468800454199,-0.28677217743685535,0.8597466001584794,-0.104956233392876,-0.38682326225314606,-0.5793383574572681,-0.2196663714273788,-0.8992027587673811,0.48843429380020076,-0.6889726028319676,0.5863038150908728,-0.7569289446191214,-0.6202633477161918,0.16615085624822437,0.9909356033698052,-0.43265482797275534,-0.4749976087450587,-0.3803152575257208,0.660802109176712,-0.5361685893864537,-0.7668877606660126,0.7837832663942413,0.8916818642190196
NUM,0.7670761956334605,-0.6487476521175649,0.18726341608865935,0.894524340205113,-0.16269389086758904,-0.04240009382781485,-0.3080224289730981,-0.8474940020571718,0.8440952449692074,-0.8214786362688581,-0.5800452700822437,-0.9017215968479866,1.0,0.7690083781926428,0.054133464667237535,-0.607907422134328,0.1964517731932944,-0.9768052332445826,-0.16869805183670059,-0.7402860409729338,-0.227503187840103,-0.7072822362202679,-0.4250423034457719,0.6918153005667137,-0.2232375241159593,-0.18561739396895888,0.6663215435558072,0.7227813545275813,-0.19719504160947335,-0.15038498342417328,-0.6235347647922287,-0.21159536839072762,0.5895613003199927,0.2089266774951886,0.5379384701098386,0.9314664478355632,-0.07604216507213928,0.309095686927739,-0.8779761595250358,0.41291041363079356,0.23379553179891893,-0.5755450529614902,-0.9387627705550674,0.6571841070275474,0.427967610517086,-0.04138673700678873,-0.7509356576957545,0.21937983461864463,0.9636631573694536,-0.9441412392753749,-0.716397075588957
ADJ,0.6979140071626696,-0.7078673331237298,-0.4153174445690003,0.8839605389759917,-0.715839936092432,0.3435645319780806,0.23067205334099727,-0.4217003459431158,0.3124351868750261,-0.7689439241323074,-0.9626727473722951,-0.538972955625166,0.7690083781926428,1.0,-0.013910295395802741,-0.006809235601653449,-0.0821149359829851,-0.6474264131970112,0.0650713947768848,-0.8300355172587156,0.12878081412250014,-0.22249677458531278,-0.5294034119061074,0.9503903276523348,0.058838365081703474,-0.4914130668377486,0.9715596002930852,0.9633568195075355,0.29193972276680147,-0.38460611188095745,-0.43032947415247164,-0.7771332999654734,0.1834343785164623,-0.35975639868343506,0.9392395853576785,0.8459490837640795,0.16881416292683854,-0.06814818756460865,-0.8137528849894162,-0.10374961694745222,-0.2751470252371074,-0.7615609583245182,-0.6472430032311911,0.2894709278202907,-0.21097274782285327,-0.5121767950910591,-0.9404472032338163,0.19786789484726117,0.7591853041747011,-0.628109848360758,-0.5623981809713868
advmod:emph,-0.5888057668435449,0.6768822160595288,-0.3579624358049147,0.34526274006908314,0.41542810394500423,0.7497440577716782,-0.6854376765686395,-0.4653009737444813,0.19142560720464158,-0.5513363630352733,-0.06267614186776757,0.28679783767706113,0.054133464667237535,-0.013910295395802741,1.0,0.23603037062885202,0.9476766606034898,0.07197292618721413,0.8968428447747182,0.5269641443845822,-0.899119319810633,-0.5762967759248826,-0.8389321883781928,0.2839877559632621,-0.9442688728222101,-0.7756961712264266,-0.2255060532228055,-0.2815957470944494,0.617913989741924,-0.8615104609424183,0.7334769570755658,-0.10417715463256522,0.7535295936222803,-0.4569059638463761,0.14289521405384387,-0.26766780312413463,0.8916498117425912,-0.7592943024776364,-0.453251031959016,-0.5457167549103229,-0.5844809397345031,-0.6323006907995897,0.26148721509101275,0.7351971463515498,0.4158434762584362,-0.5919943366526124,0.3440739321800318,-0.9615404502802747,0.31392030120487563,-0.35464520154805246,0.6565771214039228
obl:arg,-0.5508061970913449,0.3878332527151607,-0.8932188334052089,-0.2143607539061196,-0.4518270464626442,0.7189744928031703,0.5115625668351679,0.6444708790520102,-0.8592024863435731,0.16860218948105027,-0.2638117210465391,0.8417818824189733,-0.607907422134328,-0.006809235601653449,0.23603037062885202,1.0,-0.07896670334509015,0.7573247281881014,0.6345988934766532,0.33418111435699516,0.1974193924350848,0.6266821974293895,-0.25256584825236444,0.1527708096244293,0.09373642736794909,-0.5526668323172723,0.045843075247127656,-0.06884410278536753,0.8507827426884605,-0.5099802505703711,0.693799825049163,-0.6230971398277582,-0.4332337411208314,-0.8943046702192055,0.3275454868646628,-0.5207646078933967,0.6129598198066232,-0.8066521712533531,0.2352396532382936,-0.9354798766615059,-0.8758107354507129,-0.22566056526334458,0.7629091360501501,-0.4183336057095406,-0.7620680462010647,-0.7358581628610705,0.15967008075505382,-0.42531320440704057,-0.47686014899470097,0.5871256878896612,0.655023913404185
aux,-0.4742309216078314,0.6172547125558132,-0.05036827738212931,0.3598146546784824,0.6198325192285481,0.5118500577746288,-0.8810554153208792,-0.6529009129888055,0.44942264558691075,-0.5638891064257537,0.08800176390214286,0.060981720426208245,0.1964517731932944,-0.0821149359829851,0.9476766606034898,-0.07896670334509015,1.0,-0.12396691143764807,0.7088262576105694,0.4897475521315149,-0.9916199769164491,-0.7746379732164801,-0.7396211994416928,0.1747485333907708,-0.9996222817149865,-0.5813685552251507,-0.31334892142124116,-0.3333333333333332,0.3384037743550515,-0.6902831508067024,0.5575257135326958,0.14781445722238096,0.8965289720685614,-0.1550745789195287,-0.024786206256741848,-0.1659057554458445,0.703187891203651,-0.5127908493062009,-0.48184032164425566,-0.2506084610373955,-0.2973701244194722,-0.5207200232850341,0.06799063128639565,0.8655755019697091,0.6843917906809058,-0.33333333333333326,0.3664726209107255,-0.8605312154922874,0.4207140442858092,-0.5069062806370878,0.5005953092466882
flat,-0.8083087302861885,0.6766368991694584,-0.38729021549251724,-0.7785728323831543,0.057239985196610436,0.24970479039876758,0.3345951137297202,0.8317318377107057,-0.895957495288562,0.6937914573524259,0.42117778712874177,0.9700969574241957,-0.9768052332445826,-0.6474264131970112,0.07197292618721413,0.7573247281881014,-0.12396691143764807,1.0,0.345180546891156,0.7315629353570444,0.1806095159343063,0.703064224510866,0.24532049163320704,-0.5269431113973548,0.15008246844030174,-0.021380651655156437,-0.5622612926084787,-0.6398081126416764,0.40197617877565783,-0.046354480320406614,0.7302321249399071,0.02594826698917577,-0.5482425212928883,-0.41189047340386864,-0.3660205806102119,-0.9191394193490621,0.26210903486283976,-0.4943859262181306,0.7628096852033333,-0.5981015353102855,-0.4364103510854769,0.3907127909224893,0.9812271544373189,-0.60263532192475,-0.510328562937663,-0.17351098160978637,0.6884606058773718,-0.34302073333410055,-0.8996085918317018,0.90635444688922,0.7942902199458677
nsubj,-0.6580470349347597,0.6539918032224664,-0.716741725534257,0.24739464859456692,0.06994161810071307,0.9433283023000165,-0.2954594135823661,-0.1131407550202857,-0.20869562909167383,-0.4220433024442262,-0.24406855268279753,0.5617908633502811,-0.16869805183670059,0.0650713947768848,0.8968428447747182,0.6345988934766532,0.7088262576105694,0.345180546891156,1.0,0.5015185819292215,-0.6135815282565439,-0.19327440020753037,-0.8196604553379659,0.36864706487677046,-0.7013496472528454,-0.9010547324225863,-0.08120108313971607,-0.1776810485291997,0.8938832082765934,-0.9414501950178988,0.8579120083874876,-0.4232786050068927,0.4172767687952622,-0.791210594481568,0.334323753563141,-0.37847385494061403,0.9943988718967884,-0.9683904848890065,-0.3180255000473274,-0.8597555233733204,-0.877286372979922,-0.6622900184761005,0.49782411516780084,0.41782413547515895,-0.02881157546381587,-0.8392757064512664,0.2696919669204856,-0.9366473503426932,0.09504876573154177,-0.06751899356673682,0.7691646042877914
root,-0.9675315102598205,0.9808560505332892,-0.02031103064824976,-0.6135281528172092,0.6821670862664816,0.22283296518711154,-0.3954596374075195,0.27207389978356444,-0.35632436492285774,0.4133683610247054,0.7045317356562991,0.7605480006644881,-0.7402860409729338,-0.8300355172587156,0.5269641443845822,0.33418111435699516,0.4897475521315149,0.7315629353570444,0.5015185819292215,1.0,-0.47963558901735165,0.05293141446560842,-0.009228290765535682,-0.6161175808685951,-0.46579531352284564,-0.0768852054766086,-0.8932589454762248,-0.937659641967393,0.23300936399517197,-0.19513899323396477,0.8459839820571624,0.4540297394385691,0.10377059048782122,-0.11211643229563084,-0.6340962725426276,-0.93369985969709,0.4090825850608019,-0.47289101579057496,0.5102995077056622,-0.3727909048648416,-0.23679172213633534,0.28335991345853273,0.8205347720037545,0.01136076564914348,0.19933580473448492,-0.014751353615842216,0.967704812330576,-0.7018298493031171,-0.5830045856761776,0.4805200622271569,0.9103933343421433
advcl,0.4318394782274488,-0.5918569606306024,-0.07885920452586644,-0.33418461768744107,-0.6959680160266077,-0.3970323152536877,0.9347446999373117,0.6954607421617011,-0.5277129307306856,0.5339348767586352,-0.16531421409275673,0.01524387646575182,-0.227503187840103,0.12878081412250014,-0.899119319810633,0.1974193924350848,-0.9916199769164491,0.1806095159343063,-0.6135815282565439,-0.47963558901735165,1.0,0.8222008761728081,0.6668575361573671,-0.10565832257987212,0.9918833447802349,0.47778162739802976,0.3598844181759786,0.3652037438571162,-0.21405104743987297,0.5947151389408538,-0.48288380244286744,-0.25797089174624005,-0.9200277258995396,0.02615702351676403,0.11001217450960031,0.14119743184097547,-0.6055615337969167,0.4009603037514724,0.4595092718438872,0.12725016884168663,0.17172914419969032,0.4445599962517333,-0.006453533682639264,-0.8827313491507083,-0.771617031051783,0.2120875655368598,-0.3855401702412136,0.8001406413058666,-0.43153432513531004,0.5355849630294593,-0.4383854962722327
mark,-0.1500180434840917,-0.047021245758673426,-0.35052580890149426,-0.6400662084814832,-0.5213929939227655,-0.07535977654430402,0.8879515046051062,0.9742576154789416,-0.9117750877027379,0.735612416587465,0.05460996741189344,0.5811175201969069,-0.7072822362202679,-0.22249677458531278,-0.5762967759248826,0.6266821974293895,-0.7746379732164801,0.703064224510866,-0.19327440020753037,0.05293141446560842,0.8222008761728081,1.0,0.5626672249972642,-0.3117959500334148,0.7892316534058261,0.2631932174211549,-0.010629010488668704,-0.05811301748882548,0.14424246915686137,0.33938269196084164,0.09307732918714628,-0.24557824470828568,-0.9714731956267516,-0.2878766292215366,-0.05961132843848334,-0.4067343940131761,-0.2303593101207564,-0.050746120101459506,0.7240661040717499,-0.31101889716521036,-0.19400059086634708,0.47815411769611416,0.5616200473701659,-0.9694825467408639,-0.8869961249330797,-0.021320240702890122,0.07807708027259087,0.3520737191591452,-0.7993210034608264,0.8897959204084627,0.1510702012628499
det,0.14518380887340676,-0.20336110895737108,0.5762059892469465,-0.7531287226045488,0.06878183073775863,-0.8530408206341631,0.41505343163272007,0.577062794071838,-0.27710832255406437,0.8651214615483855,0.5891226600989898,0.0027455436004347753,-0.4250423034457719,-0.5294034119061074,-0.8389321883781928,-0.25256584825236444,-0.7396211994416928,0.24532049163320704,-0.8196604553379659,-0.009228290765535682,0.6668575361573671,0.5626672249972642,1.0,-0.7600424768544277,0.7485032844186971,0.944741681969661,-0.34103252084988445,-0.2830479400621458,-0.7232440622622158,0.955792808641104,-0.41901810299867426,0.5446995822618095,-0.700605801046571,0.6285464573915648,-0.6470173658868684,-0.2040562454793299,-0.8702093535649613,0.7171251024786457,0.803754769554238,0.5663309026600624,0.6878211589348564,0.9520889832463917,0.08714502392160434,-0.7436446971653223,-0.1863433013777751,0.8140321034795499,0.21321049840573347,0.7186454561554413,-0.6437934657660022,0.6001350285209697,-0.28119148477610967
csubj,0.4525121851203094,-0.45317437160413515,-0.5792964813664984,0.9187750492333875,-0.6119207411455794,0.6020788743299456,0.08003931310676861,-0.46980495433646774,0.26989414295676045,-0.8699381521773825,-0.961346289332426,-0.3563394123208274,0.6918153005667137,0.9503903276523348,0.2839877559632621,0.1527708096244293,0.1747485333907708,-0.5269431113973548,0.36864706487677046,-0.6161175808685951,-0.10565832257987212,-0.3117959500334148,-0.7600424768544277,1.0,-0.19464348062457398,-0.7346963909301498,0.870014092524815,0.8359346416439225,0.5289697002542938,-0.6522814598472746,-0.14372915487897514,-0.8294990566773419,0.3414901771159804,-0.553555211967422,0.9670451925819836,0.6850115743252099,0.46423665471343256,-0.34999532041193204,-0.8794629281269088,-0.3374132533435817,-0.506102830015916,-0.9223580256019148,-0.47412512639198245,0.4391047239234477,-0.15900584443384905,-0.7212921815911422,-0.7883070940836505,-0.11561974720096019,0.7662425626463762,-0.641878115511972,-0.2946423601635722
xcomp,0.4501803242436182,-0.5954034345026921,0.047001130362493024,-0.3835910674985708,-0.6100410753225892,-0.509532241728156,0.8834932633919526,0.6723313050123004,-0.4693717819003501,0.5844057818928508,-0.06953989192714671,-0.03622126092421065,-0.2232375241159593,0.058838365081703474,-0.9442688728222101,0.09373642736794909,-0.9996222817149865,0.15008246844030174,-0.7013496472528454,-0.46579531352284564,0.9918833447802349,0.7892316534058261,0.7485032844186971,-0.19464348062457398,1.0,0.5849333048889728,0.29158724186185087,0.31009718641124034,-0.3329005087549896,0.6920325674153389,-0.5376315066716099,-0.13892022860269368,-0.9074411225732871,0.15044155180551602,0.007773736309518366,0.13874150170143076,-0.6984323806202881,0.5028029580600433,0.5043377432017493,0.23946953423089457,0.2910967228888954,0.535299974984741,-0.04187017745054859,-0.8787196415263137,-0.6908656349643029,0.33461528976439814,-0.34245622208065535,0.8500611755084386,-0.44544533514282225,0.530235888254041,-0.47818001840229635
obl,0.2712872698579281,-0.26294475751183144,0.8074120657250531,-0.5991293934806826,0.25165103570091535,-0.9730294989372853,0.15550437449156196,0.27996005919639727,0.04846284011708337,0.7013583239001739,0.6318727188279638,-0.2574247250076279,-0.18561739396895888,-0.4914130668377486,-0.7756961712264266,-0.5526668323172723,-0.5813685552251507,-0.021380651655156437,-0.9010547324225863,-0.0768852054766086,0.47778162739802976,0.2631932174211549,0.944741681969661,-0.7346963909301498,0.5849333048889728,1.0,-0.3518184805233353,-0.26388934415090637,-0.9079151732757429,0.9886171978171875,-0.5621062506142132,0.7083435449353883,-0.44186371202398783,0.8481128920502689,-0.70047548269821,-0.03663718138753121,-0.941216213913421,0.8753747612958834,0.6300547778823237,0.7966270626562241,0.8862347025372873,0.9085446018914635,-0.15441137257795992,-0.4884854669739465,0.1190758348792673,0.9557686556486457,0.1735290130836686,0.7309446612089083,-0.4114276361704922,0.3301384518271808,-0.42728406270301833
nmod,0.7564195923896319,-0.804682977391564,-0.4143152019454744,0.7512368014635779,-0.8414057001668098,0.23277142712222054,0.4419308514031826,-0.2281027015955699,0.16400504427390306,-0.5957806385954517,-0.9465605850377476,-0.4990561777237053,0.6663215435558072,0.9715596002930852,-0.2255060532228055,0.045843075247127656,-0.31334892142124116,-0.5622612926084787,-0.08120108313971607,-0.8932589454762248,0.3598844181759786,-0.010629010488668704,-0.34103252084988445,0.870014092524815,0.29158724186185087,-0.3518184805233353,1.0,0.9929336709298546,0.22838144192898172,-0.22329716831529065,-0.5159928766015665,-0.7959058080036108,-0.04834507148133103,-0.3370814529493029,0.9117076119258458,0.8268085047969714,0.018210478182205524,0.02685875316699293,-0.655277273757677,-0.07237618320402585,-0.22277094867336086,-0.6121761846586482,-0.6065144168002695,0.060377338043381454,-0.38596287207679,-0.4354762188161402,-0.9757244218786256,0.3740766671078166,0.6092891404158807,-0.4606325409267025,-0.6299001754734103
advcl:cmpr,0.8272458677374279,-0.8606191291769603,-0.30338883127711214,0.7553438468604764,-0.7989632881263716,0.12915461488427293,0.4059426587721442,-0.2790578173771735,0.24751034654007076,-0.5896888466078313,-0.9072611109974764,-0.5933232426861482,0.7227813545275813,0.9633568195075355,-0.2815957470944494,-0.06884410278536753,-0.3333333333333332,-0.6398081126416764,-0.1776810485291997,-0.937659641967393,0.3652037438571162,-0.05811301748882548,-0.2830479400621458,0.8359346416439225,0.31009718641124034,-0.26388934415090637,0.9929336709298546,1.0,0.11515030897897743,-0.13830787954812965,-0.6091557506126138,-0.7184513627286379,-0.026753260123206984,-0.22350583189589318,0.8633031026633998,0.8831116607924876,-0.07675516471134389,0.13761388252609977,-0.6589536631761447,0.04596746932830946,-0.10803888716258157,-0.561284643276459,-0.6905104010469063,0.07994058749508907,-0.3149196137818108,-0.3333333333333333,-0.9946939059697705,0.44759912021548315,0.6437419902018644,-0.5069062806370878,-0.7152865272902301
cc,-0.462594450186866,0.3769806565098742,-0.9532889463475653,0.2616453846017573,-0.3697355650994765,0.9758583969413576,0.14694680757789952,0.14660443707942822,-0.4623385199022549,-0.3528198407945211,-0.5170844989558148,0.5937468800454199,-0.19719504160947335,0.29193972276680147,0.617913989741924,0.8507827426884605,0.3384037743550515,0.40197617877565783,0.8938832082765934,0.23300936399517197,-0.21405104743987297,0.14424246915686137,-0.7232440622622158,0.5289697002542938,-0.3329005087549896,-0.9079151732757429,0.22838144192898172,0.11515030897897743,1.0,-0.8818573235879408,0.7151188593795414,-0.747941319064567,0.0675318189357952,-0.9813483836055256,0.5933805020819837,-0.2521259363476845,0.9068481685700742,-0.9621529763614348,-0.2728723346967886,-0.974084012198362,-0.9987204799218053,-0.6814374276354472,0.4906663519080517,0.10265540559924313,-0.4484136551339684,-0.9693068295958052,-0.012452524617866617,-0.6865113377153801,0.013581955143014997,0.09045539199469421,0.6118092161150932
nsubj:pass,0.3672231306024446,-0.3796841136390816,0.7394081717980069,-0.5545013382074101,0.1039575564680992,-0.9635489523720754,0.282884493570446,0.3251343859669235,0.004756228751295966,0.6864808513584902,0.5185439289001912,-0.28677217743685535,-0.15038498342417328,-0.38460611188095745,-0.8615104609424183,-0.5099802505703711,-0.6902831508067024,-0.046354480320406614,-0.9414501950178988,-0.19513899323396477,0.5947151389408538,0.33938269196084164,0.955792808641104,-0.6522814598472746,0.6920325674153389,0.9886171978171875,-0.22329716831529065,-0.13830787954812965,-0.8818573235879408,1.0,-0.6346165113388416,0.5947247952225005,-0.5269709617314999,0.7958293701609923,-0.5933895538061044,0.044817894816610714,-0.9715591413101335,0.8901304180653185,0.6050764606210078,0.7775821699256742,0.856927667161497,0.8761234230815544,-0.19797451183537235,-0.559531241586281,0.003989446199972311,0.9115036646019622,0.05020459783320113,0.8196907546232736,-0.3944706563708305,0.33853106878387235,-0.5086735238625244
discourse,-0.9468033698826576,0.9140177972466519,-0.531426423376567,-0.2811697453784091,0.2993605287834935,0.6998719385389326,-0.22501900503165517,0.25254110023732484,-0.48865049862397386,0.08469472243439419,0.22013055771404363,0.8597466001584794,-0.6235347647922287,-0.43032947415247164,0.7334769570755658,0.693799825049163,0.5575257135326958,0.7302321249399071,0.8579120083874876,0.8459839820571624,-0.48288380244286744,0.09307732918714628,-0.41901810299867426,-0.14372915487897514,-0.5376315066716099,-0.5621062506142132,-0.5159928766015665,-0.6091557506126138,0.7151188593795414,-0.6346165113388416,1.0,-0.07983467982944423,0.13558989810787136,-0.6144193901147905,-0.12732474905819935,-0.8002015728732441,0.7995169360417433,-0.8689880540731875,0.1987198138383865,-0.7972368670131702,-0.715914957376203,-0.18357930521954954,0.8465329523835413,0.08847008330054804,-0.08214225549420617,-0.5443142883783654,0.6868670838724241,-0.8915005008863347,-0.3920501979103638,0.373504462853839,0.9879429509100314
csubj:pass,-0.2150927643230217,0.3297411192518718,0.8804799609209533,-0.5416936313941371,0.8613925936478453,-0.6996855895805418,-0.530039769595936,-0.09741880480735501,0.30982607165673826,0.47374050661780875,0.9175957227094791,-0.104956233392876,-0.21159536839072762,-0.7771332999654734,-0.10417715463256522,-0.6230971398277582,0.14781445722238096,0.02594826698917577,-0.4232786050068927,0.4540297394385691,-0.25797089174624005,-0.24557824470828568,0.5446995822618095,-0.8294990566773419,-0.13892022860269368,0.7083435449353883,-0.7959058080036108,-0.7184513627286379,-0.747941319064567,0.5947247952225005,-0.07983467982944423,1.0,0.15915690542489205,0.834291807539713,-0.9370488619454386,-0.33851408074505895,-0.4907041907624425,0.540082083959799,0.4697622734970786,0.6574432563104176,0.7519412138944377,0.7161614758320004,0.02892922299421886,0.06621101070305897,0.6646579044271884,0.8476789332280064,0.6449296248479855,0.08238873839813855,-0.2782091472299157,0.10419666331852916,0.04528756890834574
acl,-0.04526261644556403,0.22874625653443006,0.17248840876627927,0.6217658459794252,0.5323945005835086,0.2824347729799089,-0.9093803516207324,-0.9202845257463771,0.7892591247549642,-0.7574145663593425,-0.07094280055032308,-0.38682326225314606,0.5895613003199927,0.1834343785164623,0.7535295936222803,-0.4332337411208314,0.8965289720685614,-0.5482425212928883,0.4172767687952622,0.10377059048782122,-0.9200277258995396,-0.9714731956267516,-0.700605801046571,0.3414901771159804,-0.9074411225732871,-0.44186371202398783,-0.04834507148133103,-0.026753260123206984,0.0675318189357952,-0.5269709617314999,0.13558989810787136,0.15915690542489205,1.0,0.09392281243986046,0.09815293834229649,0.2555334033342231,0.4464303448747652,-0.1816464509741343,-0.7199422827952099,0.08890062718464771,-0.017751317106744505,-0.5747157114681457,-0.3795919769332893,0.9940325917266615,0.8300898649210054,-0.1604807641339481,0.029210559008768948,-0.5609613180939017,0.7390530837948078,-0.8222175361048607,0.06545710917995277
expl:pass,0.35799909059545637,-0.24171896587135014,0.9933697290008277,-0.23900528337877036,0.5310212716052405,-0.925397686562313,-0.3301783143211627,-0.25861448027065825,0.5506982549230577,0.28936065481001766,0.5920460655163472,-0.5793383574572681,0.2089266774951886,-0.35975639868343506,-0.4569059638463761,-0.8943046702192055,-0.1550745789195287,-0.41189047340386864,-0.791210594481568,-0.11211643229563084,0.02615702351676403,-0.2878766292215366,0.6285464573915648,-0.553555211967422,0.15044155180551602,0.8481128920502689,-0.3370814529493029,-0.22350583189589318,-0.9813483836055256,0.7958293701609923,-0.6144193901147905,0.834291807539713,0.09392281243986046,1.0,-0.6578343289658831,0.1931488672254003,-0.8100756498325365,0.8994107939009452,0.22430338656200388,0.9633982727993743,0.9871648130386226,0.6370109514070897,-0.46686378131869605,0.04721238007456159,0.6033669207380072,0.9598967157903454,0.12271366154257113,0.5367126064177183,0.03434938231043315,-0.16392274072347698,-0.5129323360800332
amod,0.436348885825625,-0.48981422246233075,-0.7017729621081328,0.7939161891047315,-0.7829154990708864,0.6113365384974878,0.3223636013544678,-0.23269480924009223,0.03975545697313749,-0.7167529385352039,-0.9954743809468962,-0.2196663714273788,0.5379384701098386,0.9392395853576785,0.14289521405384387,0.3275454868646628,-0.024786206256741848,-0.3660205806102119,0.334323753563141,-0.6340962725426276,0.11001217450960031,-0.05961132843848334,-0.6470173658868684,0.9670451925819836,0.007773736309518366,-0.70047548269821,0.9117076119258458,0.8633031026633998,0.5933805020819837,-0.5933895538061044,-0.12732474905819935,-0.9370488619454386,0.09815293834229649,-0.6578343289658831,1.0,0.6115758725935755,0.4248696548815796,-0.3801216035291908,-0.7300004304494209,-0.4367585411850412,-0.5826960493859875,-0.8404751895540035,-0.3486007222863146,0.2012846903690659,-0.40465857645734377,-0.7626761512012612,-0.8080234055792694,-0.02593013759997566,0.5911502787786848,-0.4362403098677148,-0.27028904216389354
nummod,0.9357217872602427,-0.8781637447207236,0.1318329974207185,0.7971961888107272,-0.44340191604574664,-0.164031583204468,0.045199064493576316,-0.5985662040259035,0.6490721418114983,-0.6491404505569557,-0.6733783912097262,-0.8992027587673811,0.9314664478355632,0.8459490837640795,-0.26766780312413463,-0.5207646078933967,-0.1659057554458445,-0.9191394193490621,-0.37847385494061403,-0.93369985969709,0.14119743184097547,-0.4067343940131761,-0.2040562454793299,0.6850115743252099,0.13874150170143076,-0.03663718138753121,0.8268085047969714,0.8831116607924876,-0.2521259363476845,0.044817894816610714,-0.8002015728732441,-0.33851408074505895,0.2555334033342231,0.1931488672254003,0.6115758725935755,1.0,-0.2801010894251072,0.4391428428589874,-0.7328544256908596,0.44083614611672794,0.27353418313722766,-0.44159390052392417,-0.9486489182615266,0.34011318555494846,0.13033986265698308,0.007955537123028744,-0.9164724084808685,0.5079741027413026,0.8231387794478854,-0.7602348211279789,-0.8816163165892058
conj,-0.5747796661413084,0.5732640809963613,-0.7412622221481332,0.3439727299153573,0.0058851818905618905,0.9646068244942997,-0.2832822804678702,-0.1711041659691198,-0.15783980478576914,-0.5059918936070524,-0.3382945878771577,0.48843429380020076,-0.07604216507213928,0.16881416292683854,0.8916498117425912,0.6129598198066232,0.703187891203651,0.26210903486283976,0.9943988718967884,0.4090825850608019,-0.6055615337969167,-0.2303593101207564,-0.8702093535649613,0.46423665471343256,-0.6984323806202881,-0.941216213913421,0.018210478182205524,-0.07675516471134389,0.9068481685700742,-0.9715591413101335,0.7995169360417433,-0.4907041907624425,0.4464303448747652,-0.8100756498325365,0.4248696548815796,-0.2801010894251072,1.0,-0.9592821053544148,-0.40790824087939337,-0.8513319178730078,-0.8879378761411664,-0.7372050763961062,0.41489172074952785,0.4576253355650956,-0.03396865001488715,-0.8774679858746303,0.16929025771793682,-0.9083263583241225,0.1842317671091935,-0.14551283027200734,0.6978115328690722
appos,0.6649273698121674,-0.6089391979229853,0.8434789444174592,-0.13753789134459382,0.10766840280781222,-0.9582799912470175,0.05491062317647677,-0.11340998613528254,0.430301198965374,0.2830012297644754,0.291240189375456,-0.6889726028319676,0.309095686927739,-0.06814818756460865,-0.7592943024776364,-0.8066521712533531,-0.5127908493062009,-0.4943859262181306,-0.9683904848890065,-0.47289101579057496,0.4009603037514724,-0.050746120101459506,0.7171251024786457,-0.34999532041193204,0.5028029580600433,0.8753747612958834,0.02685875316699293,0.13761388252609977,-0.9621529763614348,0.8901304180653185,-0.8689880540731875,0.540082083959799,-0.1816464509741343,0.8994107939009452,-0.3801216035291908,0.4391428428589874,-0.9592821053544148,1.0,0.18313986180536385,0.9596268615424456,0.9572515848838343,0.593354485207351,-0.6124886438017474,-0.1890837649038869,0.2727225679470636,0.887967816086302,-0.23755501373255364,0.8469965620917748,0.06599123684487125,-0.12533881807895733,-0.786094223457884
case,-0.44596396426986484,0.34715588578461304,0.21582964421649195,-0.9906582518292484,0.19560966910667468,-0.4349515634660521,0.3715440026586049,0.832608241368109,-0.6698061855235891,0.9932514517018852,0.7280166477667652,0.5863038150908728,-0.8779761595250358,-0.8137528849894162,-0.453251031959016,0.2352396532382936,-0.48184032164425566,0.7628096852033333,-0.3180255000473274,0.5102995077056622,0.4595092718438872,0.7240661040717499,0.803754769554238,-0.8794629281269088,0.5043377432017493,0.6300547778823237,-0.655277273757677,-0.6589536631761447,-0.2728723346967886,0.6050764606210078,0.1987198138383865,0.4697622734970786,-0.7199422827952099,0.22430338656200388,-0.7300004304494209,-0.7328544256908596,-0.40790824087939337,0.18313986180536385,1.0,0.04864849937189008,0.23175593478563947,0.8900125256371324,0.6605355408758232,-0.7913534536169794,-0.3295650554675431,0.48029191581451214,0.6385010883826784,0.21344779075871995,-0.9655821054897614,0.9202389411699604,0.33519659890333764
