,len,PUNCT,AUX,ADV,PART,CCONJ,NOUN,SCONJ,VERB,ADP,PROPN,PRON,NUM,ADJ,advmod:emph,obl:arg,flat,nsubj,root,advcl,mark,det,advcl:pred,csubj,xcomp,obl,nmod,advcl:cmpr,cc,nsubj:pass,discourse,csubj:pass,acl,expl:pass,amod,nummod,conj,appos,case,xcomp:pred,aux:pass,advmod:neg,cop,obj,ccomp,fixed,acl:relcl,advmod,orphan,punct
len,1.0,-0.9726615416304523,-0.06138350707314881,-0.31677753494705546,0.008936106877378407,-0.15324946211210067,0.4560649031754461,-0.07403309134185557,-0.048584370787774625,0.06333192824725811,0.12038817745134889,-0.15593127158808612,0.22789761972014722,0.006306842416983069,-0.07372435134420115,-0.09005057165187424,0.247999034177482,0.17302358181244812,-0.9943816297577054,0.16376038030096032,0.03192581361612051,0.35153445120191085,-0.31040475707724413,0.014532335071704924,0.06911943088691627,0.5476276644696939,0.19506724573808285,0.1325861638801815,-0.1910189386291786,0.2548553851750194,0.5186486075279628,-0.14803370906940438,0.7870416444657692,0.060784305569110984,-0.11300156590433652,0.27370314067824986,0.16644057459201092,0.3480779114724572,-0.009511856259822751,0.06730752755130352,-0.0781518467879177,0.03433406463657023,-0.08419709093445021,-0.28011832012169413,-0.2591533010740513,-0.11720345042807426,0.08767554899699204,-0.3894902227455409,-0.20700195378199712,-0.9814005648529749
PUNCT,-0.9726615416304523,1.0,0.17364230518643012,0.3526270325330236,-0.071825492229614,0.11081240896786249,-0.4490060218395998,0.18709204156490095,0.09103849241637793,-0.014836191296911485,-0.07510875648889852,0.055359691601874275,-0.1930040389396441,-0.12193738216421918,0.1414503677685399,0.004784693579708943,-0.11870801825573409,-0.2205704641359266,0.9615423998904843,0.001589079409530326,0.092688152820977,-0.3952961481166737,0.25546886601804986,-0.032486458440089315,0.060577127057061524,-0.5473957948090017,-0.2303885095458368,-0.13200540829724405,0.1635658148170089,-0.18747378577334683,-0.406383300557278,0.1627928693342305,-0.8147722779141332,-0.16010304306589695,-0.06497098965648371,-0.27200471228462736,-0.19964234119472601,-0.32080217844386893,0.03531066574834738,0.003407263918451505,0.15365694793109735,-0.009263221483024895,0.21128428964455068,0.20421182095525223,0.17437056463449824,0.07372202739922834,-0.08669400074728424,0.3388940009821553,0.10783274616410837,0.9805497255800935
AUX,-0.06138350707314881,0.17364230518643012,1.0,-0.14095549476981203,-0.02185383306670328,-0.5131853083823814,-0.09018266994678886,0.3968201901754087,-0.3306024213543324,-0.366992739897366,0.26889868746910706,-0.10781605587560072,0.6136920059048232,0.06481671748774927,-0.13832654777397013,-0.17103546467670147,0.1935222610694335,-0.10580014980856235,0.047850373116554025,0.32488436556379385,0.27629766209223905,0.0285960661738946,-0.4587346623095422,0.24475947920616958,0.24051937056820277,-0.1926861562534839,-0.12390603993555552,0.08525222927099907,-0.5063184501481478,0.0920342723301436,0.3894938151427645,0.0387854677134958,-0.3263791327506193,-0.1281505382451058,-0.20452139066555228,0.6580697936545215,-0.050884185533049686,-0.17073719968531997,-0.3103687836263591,0.6042457128603427,0.387289936271262,0.14303673499403782,0.9175160953395735,-0.05985887663443318,-0.21984800949178013,0.04283409032045953,-0.2287931231583104,-0.17235664335347672,-0.3413179035438466,0.11958967756684157
ADV,-0.31677753494705546,0.3526270325330236,-0.14095549476981203,1.0,-0.16102594960411468,0.16766710399606594,-0.5745434695561643,-0.03974721032846606,0.3026868431943727,-0.14868645145003218,-0.4426100005809142,0.1968658506588667,-0.25037210347232003,-0.020994498696460712,0.7869684977619186,-0.09078151405158312,0.1477673473059354,-0.062046964953866975,0.34240842391414494,0.02279847878582145,-0.002921761508212052,-0.32713472232019475,0.1785729476837179,-0.19284652809283354,-0.03841342533888038,-0.3830261200141072,-0.6706805399818229,0.010926115956468953,0.18855610962743136,-0.12387762333112083,-0.2818055269859695,0.0060061300109184625,-0.17233989395770488,-0.029082984725957745,0.21706810606385188,-0.3402149667053965,0.3721799321535539,-0.02867857049273286,-0.19402025320797278,-0.5897073249895555,-0.14866073569736238,-0.22040639207931742,-0.06516378782602612,0.1628134565731278,-0.09570844250590084,-0.37472903971151944,0.03376392456669718,0.8411646286897128,0.42568074715366905,0.2651442844136163
PART,0.008936106877378407,-0.071825492229614,-0.02185383306670328,-0.16102594960411468,1.0,0.12420441658407384,-0.2540601491261118,-0.028492821364988256,-0.5197619046885508,-0.11602746084240824,-0.22960170956817275,0.38716537715381816,0.15608923698361052,-0.15044923325948964,-0.15837908657091415,0.0361386070362551,-0.11753164411978721,-0.3374079949211275,0.008311721563540993,-0.3259975658085938,-0.0830613444565989,0.4418144842177493,0.01766094589494128,0.14348769009703394,-0.49935407171443963,0.020471498576370692,-0.008957052533710866,-0.4078679893661071,0.08591734140827746,-0.34674029166722864,0.0456167043015643,0.32710841001968555,-0.11300620025223936,0.426476169947766,-0.07539517594801613,0.11569098457273042,0.17168849874931164,-0.19967261636631906,-0.08450638218197355,0.03111329072649935,-0.014493657160216385,0.544278778592871,0.07182833254299346,0.18743386402517348,0.1674270737977368,-0.03424712805519017,0.1054751478435689,0.18096592845031553,0.04007858402728647,-0.005421915355412038
CCONJ,-0.15324946211210067,0.11081240896786249,-0.5131853083823814,0.16766710399606594,0.12420441658407384,1.0,-0.3281337213242076,-0.03841781605688836,-0.026248572605790915,0.008166272681300548,-0.15205131725157958,0.14211827336202928,-0.371859323499801,0.03673419657163825,0.19053351640420557,-0.07675976306539431,-0.0515681000239765,0.08406597724869645,0.1208957864917139,-0.2912251277994355,0.014013539396139533,-0.06532774776791207,0.6371108245579951,-0.11993191208785162,0.0032486403392095816,-0.15011954571756017,0.1298337764030861,-0.2373794298153856,0.9829507480594254,-0.2857197159100908,-0.3544762916066177,0.09252499131701962,-0.17337390372545233,0.014081249880241752,-0.0009598963881536647,-0.36346564983916535,0.36093559227996797,-0.07670357999685154,-0.03297133251417247,-0.18273542430553857,0.018112950325834917,0.07978151901624134,-0.496958595479712,-0.19465831828035285,0.1248897825068257,-0.19586532207013102,-0.1877078453179655,0.1682863647763883,-0.21628422792194663,0.13394880154654448
NOUN,0.4560649031754461,-0.4490060218395998,-0.09018266994678886,-0.5745434695561643,-0.2540601491261118,-0.3281337213242076,1.0,0.05515155929255719,-0.20760161202253444,0.2417026865033983,0.4360369062401441,-0.5976477494145142,-0.030433112504765172,-0.09027862286918384,-0.33489637184744775,-0.15851593865946248,-0.020353611846464986,0.408854551319332,-0.46466771609382285,0.18212757445199665,0.14592489597821348,0.14296542301140194,-0.3498695127579113,-0.32044385994425667,-0.06157978938072102,0.46689871621825807,0.668273265642576,0.3458457648938604,-0.36706245068815413,-0.029345075859116637,0.37977589837016734,-0.5250019008687287,0.5823065836192043,-0.056211793039545065,-0.15973053092156184,0.07452165723583054,-0.2613615380363424,0.38365874432191915,0.18082782099771452,0.22378951077420964,-0.10483119394761359,-0.19226075342766424,-0.05898762806179405,-0.15199402881465335,-0.143116063874051,0.2394913875198152,0.2580396531189432,-0.667935104052665,-0.021502496187066882,-0.44402647577887394
SCONJ,-0.07403309134185557,0.18709204156490095,0.3968201901754087,-0.03974721032846606,-0.028492821364988256,-0.03841781605688836,0.05515155929255719,1.0,-0.24914702308099354,-0.07009967143549473,-0.14462773360132156,-0.5157481777738588,0.19355364923058677,-0.04080731290883552,-0.2622802581790586,-0.7368459329777771,0.49313973497787583,-0.11778578812014856,0.04611619369316614,0.7446901768480164,0.9615442714341182,-0.4337349065362073,0.013695041672197322,0.16998264575804983,0.5986642353693103,-0.33968872830998764,0.06454001861388427,0.11067565739865845,0.004796099829903346,-0.005093666545887359,0.3813617733367891,-0.07279865360553778,-0.33486976206743585,-0.08583858741697073,-0.359244416064724,0.31800185952765236,0.07668127438935299,0.026196494696966995,-0.07348289116617776,0.3974909394255705,-0.2882975193085408,-0.015914806657413186,0.6346326814253411,-0.18538630461903005,-0.41573629165474024,-0.5642454032595523,-0.5827729777989118,-0.021156941509553866,-0.2501105162466626,0.1157789874253235
VERB,-0.048584370787774625,0.09103849241637793,-0.3306024213543324,0.3026868431943727,-0.5197619046885508,-0.026248572605790915,-0.20760161202253444,-0.24914702308099354,1.0,0.19095748868960805,-0.16943057707049416,0.2235481239602197,-0.2271160159857591,-0.3008615859121698,0.27212235860303136,0.2675742321768393,0.045782200907038224,-0.12215526684615316,0.053059385100587546,0.20576828824978885,-0.1953807298299705,-0.4613901002800201,0.18000447139845843,-0.059290426051204846,0.42681999978360463,-0.14112703933586235,-0.24345946664724105,-0.08416277947237784,0.05051003283914161,0.5765729288809386,-0.28134036618282726,0.33238664759915487,-0.07076704185079116,-0.4039584352835971,-0.07754419028025428,-0.43395244462195376,-0.12462405004422929,-0.015233882472678708,0.13488369014282883,-0.4291845078894038,0.0430457630447444,-0.19439276972128028,-0.39414497065465925,0.14428928359321164,0.18726679663320406,0.069993519458307,0.09709706507850598,0.05562436775332688,-0.020991543939360965,0.06669097829700919
ADP,0.06333192824725811,-0.014836191296911485,-0.366992739897366,-0.14868645145003218,-0.11602746084240824,0.008166272681300548,0.2417026865033983,-0.07009967143549473,0.19095748868960805,1.0,0.24306966569690255,-0.45722688988216004,-0.44037318814389287,-0.25342073251342306,0.016924133136467966,0.10626512737060916,0.3108423480857166,-0.39493691634900263,-0.05957485995648091,0.09109066663467048,0.04213096342441387,0.2205004445196643,0.2150691481801235,0.17822601233631186,0.10055276663974975,0.6212912822529718,-0.01849763476345838,-0.0005013130034329712,0.0813976311476102,0.36540837098315415,0.14586305812397185,-0.017493461488136682,0.3462844335294584,-0.023441876352399433,-0.4653031704875243,-0.5398081985374532,-0.6091339926466017,0.283688316029819,0.979386570381561,0.19186347387841876,-0.023439136887675793,-0.0842497899534136,-0.30807250860071994,-0.4749135028664642,-0.24814738382032678,0.019966764888738605,0.2527500159718026,-0.2695888269587974,0.03327586437485439,-0.024882124541159133
PROPN,0.12038817745134889,-0.07510875648889852,0.26889868746910706,-0.4426100005809142,-0.22960170956817275,-0.15205131725157958,0.4360369062401441,-0.14462773360132156,-0.16943057707049416,0.24306966569690255,1.0,-0.49146976942440185,0.16564788890716356,0.01677812632066627,-0.06506108635399374,0.1560032700992474,0.2624823797367067,0.11769693252398558,-0.1305544489406641,0.0020385599752604806,-0.05477900708596115,0.18162924459210425,-0.10217851378656365,0.22975748214052896,-0.16816554739773404,0.22400134721996995,0.5291215482656986,0.04177683727936311,-0.13686663558150208,0.1203097051493472,0.23318216705717093,-0.2574680912913211,0.14571005037989623,-0.17437264310846212,-0.25915682271894935,0.09528846440229052,-0.36227147716007296,0.2368064614137105,0.21542610826295544,0.5528587007407125,0.4344841696872081,-0.08068532138655031,0.12271785061575086,-0.25592340088146914,-0.14819037560811713,0.25198654672878157,-0.004383498666201695,-0.6325284747667194,-0.44145464250259886,-0.08568227788284168
PRON,-0.15593127158808612,0.055359691601874275,-0.10781605587560072,0.1968658506588667,0.38716537715381816,0.14211827336202928,-0.5976477494145142,-0.5157481777738588,0.2235481239602197,-0.45722688988216004,-0.49146976942440185,1.0,0.11198473899404918,-0.10839989249236369,0.15597529440205607,0.5153019567163192,-0.4987731891613793,-0.20813119978009956,0.17721305760505915,-0.5765304653943581,-0.6294699484602666,0.11730940066487332,0.12019838645319865,-0.09430859665834536,-0.22765854158880433,-0.2543782065234474,-0.29776067938078193,-0.2709599547440492,0.11014736682073993,-0.042874638197596626,-0.4888975556497429,0.5483752493529436,-0.22193218037333753,0.1002821897796321,0.3045356606377642,0.04496909736724593,0.34381964054667874,-0.49538540556757465,-0.41857799884935587,-0.4296814231379153,0.19250813232974526,0.2553532975907765,-0.28496671004400276,0.42212571680706396,0.573704367795372,0.24926169014947544,0.23682962756222622,0.37807433592433853,0.14298004924747554,0.13237668771878977
NUM,0.22789761972014722,-0.1930040389396441,0.6136920059048232,-0.25037210347232003,0.15608923698361052,-0.371859323499801,-0.030433112504765172,0.19355364923058677,-0.2271160159857591,-0.44037318814389287,0.16564788890716356,0.11198473899404918,1.0,0.008728637602857824,-0.07026330261405349,0.14834427419372673,-0.051769026866794896,0.018109302114540635,-0.222392968505702,0.23325559970659202,0.10661504033421562,-0.053799815011769635,-0.5857867050612467,0.19032087664018632,0.010119063200740505,-0.10674134765589437,0.0772780449607309,-0.15593030606528954,-0.328154843629079,-0.05348476743033784,0.05051204953144995,0.05296836246232934,-0.14150110606210323,-0.09724230690804843,-0.01120991648239474,0.8926112251335782,0.11384027724549817,-0.25671681834010995,-0.420360894810148,0.2971499213923811,-0.06043163864142733,0.24895591210409285,0.5805579850374661,-0.048657460461912584,0.26951779745741256,-0.1960013553109209,-0.3198635898765032,-0.25754830744831275,-0.1184634636239761,-0.17733234052581082
ADJ,0.006306842416983069,-0.12193738216421918,0.06481671748774927,-0.020994498696460712,-0.15044923325948964,0.03673419657163825,-0.09027862286918384,-0.04080731290883552,-0.3008615859121698,-0.25342073251342306,0.01677812632066627,-0.10839989249236369,0.008728637602857824,1.0,-0.3055560222266003,-0.025949081376252448,-0.14708618155069,0.4718613200040391,-0.01723043218441605,-0.2182162278605182,-0.07408811319138477,0.014771718277877257,-0.04574604735616402,0.38736408025218716,-0.13161516014874391,-0.03275423711094086,-0.11189973938403382,0.20052181814088568,-0.02780825154200626,-0.11445092131069483,0.051572485650722075,-0.24314253686510046,0.04543956133523993,0.4177574490767231,0.7617364312443662,0.23160464773517872,0.0321345551249081,0.11666669722334991,-0.12505038974373703,0.0654742278456786,-0.31873910584516485,-0.12606896770127518,0.0616264145401451,0.024320620270869987,-0.24122453843846628,-0.11472902619023943,-0.5054122064235294,0.16789134187378266,0.20931822496976926,-0.09852982168804246
advmod:emph,-0.07372435134420115,0.1414503677685399,-0.13832654777397013,0.7869684977619186,-0.15837908657091415,0.19053351640420557,-0.33489637184744775,-0.2622802581790586,0.27212235860303136,0.016924133136467966,-0.06506108635399374,0.15597529440205607,-0.07026330261405349,-0.3055560222266003,1.0,0.1957296754535769,0.12015660701952803,-0.037067555408868996,0.0853358086012338,-0.119154963503039,-0.15990277290430507,-0.14431872900307227,0.017090233738600368,-0.30342690738999106,-0.17372239122333946,-0.07904591265959143,-0.35974488106347896,0.009813626908465914,0.2157044079564805,-0.05632719056934136,-0.23470917190152787,0.03372735766224593,0.10106328215279343,-0.059143570834703806,-0.09126576566510926,-0.29382536812129395,0.3253931317780116,0.04539455473137052,-0.09509429815269317,-0.3986658114097128,0.09503600048910867,-0.10238993964149626,-0.1668100161877821,-0.14058767532434682,0.02924527402556354,-0.24659790086976802,0.2400407351936823,0.43580737752148635,0.28016381418378095,0.04644647217387148
obl:arg,-0.09005057165187424,0.004784693579708943,-0.17103546467670147,-0.09078151405158312,0.0361386070362551,-0.07675976306539431,-0.15851593865946248,-0.7368459329777771,0.2675742321768393,0.10626512737060916,0.1560032700992474,0.5153019567163192,0.14834427419372673,-0.025949081376252448,0.1957296754535769,1.0,-0.48564978869483627,-0.03445915752367845,0.10369066351718025,-0.656913173559408,-0.7640796088080403,0.11793258545849442,-0.12951680975855664,0.04234988380364201,-0.3338115213123517,0.14997542770970734,0.0592359548258297,-0.044270683732934996,-0.08060537362764325,0.07326542144753896,-0.3157494896551473,0.4418596906249894,0.07070562062462073,0.23045291540375643,0.15707614247823418,-0.022555648120013008,-0.37129681172122936,-0.27957459224921194,0.13115818952479846,-0.2064976403175987,0.1005857481576623,0.3387434629397295,-0.3929595261989593,0.10548291945179557,0.6126604335690262,0.2909692149624382,0.2913750108304976,-0.15905530836085036,0.3166977501983971,0.09969509345099388
flat,0.247999034177482,-0.11870801825573409,0.1935222610694335,0.1477673473059354,-0.11753164411978721,-0.0515681000239765,-0.020353611846464986,0.49313973497787583,0.045782200907038224,0.3108423480857166,0.2624823797367067,-0.4987731891613793,-0.051769026866794896,-0.14708618155069,0.12015660701952803,-0.48564978869483627,1.0,-0.4605054906414462,-0.22799698205282756,0.5607223056189683,0.6089827773881865,-0.12525854481949605,0.3291951991393056,0.4086692389564691,0.4234232878812356,-0.07701862744799437,-0.0926088479052468,-0.01898207003031413,0.011045908624198759,0.40978152528751216,0.48347995615643524,-0.035919091083483616,0.08985922037075887,-0.2371931423450011,-0.45001080682429667,-0.024227437636175676,0.026361420463852207,0.16819988283872928,0.25004766439746606,0.32235692483367845,0.07210338433619833,-0.2764515866826764,0.2600177937152442,-0.218839547251668,-0.7004305314949013,-0.4730995137226735,-0.25292882146205375,0.032346814427356596,-0.4301183593800502,-0.20397232899198553
nsubj,0.17302358181244812,-0.2205704641359266,-0.10580014980856235,-0.062046964953866975,-0.3374079949211275,0.08406597724869645,0.408854551319332,-0.11778578812014856,-0.12215526684615316,-0.39493691634900263,0.11769693252398558,-0.20813119978009956,0.018109302114540635,0.4718613200040391,-0.037067555408868996,-0.03445915752367845,-0.4605054906414462,1.0,-0.21717208236330438,-0.08513210181033432,-0.07644227506820526,-0.1844319446451566,-0.4327524918356471,-0.3794303702693015,-0.1918346056255884,-0.011842484394933845,0.3653039586875844,0.3021945084199051,-0.01379700255976199,-0.3670503186543006,0.06442067611872865,-0.3825137241910793,0.18052499080233822,0.20825215452963647,0.45265074870947664,0.0849139605711314,0.12317691787949436,0.30828510056916586,-0.41979486666863325,-0.20537762827619163,-0.23458542547658548,0.044256835782254554,-0.06645658314008562,0.06252139166655345,0.09053500686949824,0.07926614004247673,-0.14303285767944912,-0.19468568811345666,0.19241494962466382,-0.23131471381520674
root,-0.9943816297577054,0.9615423998904843,0.047850373116554025,0.34240842391414494,0.008311721563540993,0.1208957864917139,-0.46466771609382285,0.04611619369316614,0.053059385100587546,-0.05957485995648091,-0.1305544489406641,0.17721305760505915,-0.222392968505702,-0.01723043218441605,0.0853358086012338,0.10369066351718025,-0.22799698205282756,-0.21717208236330438,1.0,-0.17062711339471023,-0.06081452919399346,-0.3281743239069015,0.32375677047458046,-0.013281261776156137,-0.10354498358122564,-0.5496733272138183,-0.227552548056534,-0.148769269525381,0.16301209346253087,-0.2707902129401563,-0.5395728654398853,0.12582233345541122,-0.7717820239564033,-0.08464049550510504,0.13987501740186548,-0.2652005723692275,-0.17080464579489896,-0.37195763259131986,0.013918632354525246,-0.11267227454878907,0.05972585249505968,-0.06339687556098955,0.06778042355540623,0.32704764202022013,0.27404912052835656,0.11056171194176068,-0.048523508946306686,0.4333442076095994,0.24132688252575663,0.978277934808356
advcl,0.16376038030096032,0.001589079409530326,0.32488436556379385,0.02279847878582145,-0.3259975658085938,-0.2912251277994355,0.18212757445199665,0.7446901768480164,0.20576828824978885,0.09109066663467048,0.0020385599752604806,-0.5765304653943581,0.23325559970659202,-0.2182162278605182,-0.119154963503039,-0.656913173559408,0.5607223056189683,-0.08513210181033432,-0.17062711339471023,1.0,0.773956445804859,-0.4224223457731313,-0.19684314439962114,0.07610168514008996,0.6382076054236404,-0.13074540081442632,-0.09314456856671215,-0.022019798236650148,-0.1964720662090179,0.27360135468096347,0.35219182705130275,-0.20379807351405005,-0.14596958173284522,-0.4827154336347472,-0.40754843977001265,0.18620950002505,-0.05445088242148418,0.18749093186742213,0.04005330903091986,0.208221555137596,-0.18296726606487065,-0.18760023890697897,0.5336293830559309,-0.14490562433616583,-0.3791118470560357,-0.38443112963899523,-0.34450733157727886,-0.13860260467675573,-0.3084740682900904,-0.09074637799987231
mark,0.03192581361612051,0.092688152820977,0.27629766209223905,-0.002921761508212052,-0.0830613444565989,0.014013539396139533,0.14592489597821348,0.9615442714341182,-0.1953807298299705,0.04213096342441387,-0.05477900708596115,-0.6294699484602666,0.10661504033421562,-0.07408811319138477,-0.15990277290430507,-0.7640796088080403,0.6089827773881865,-0.07644227506820526,-0.06081452919399346,0.773956445804859,1.0,-0.4695216450752101,0.042064091747229984,0.11446784278170094,0.5791528759096168,-0.2771825839953844,0.10995546621740708,0.044808318407208204,0.05431970737277765,0.07449694564369261,0.4560688420346624,-0.10308503008775914,-0.204317573654011,-0.11842843117028529,-0.4029957731743676,0.1915491505522995,0.10032828264588482,0.08366667328963084,0.002659912748084675,0.3807784885845731,-0.2857596040948096,-0.09249690813256138,0.5289598279486831,-0.21421290794401562,-0.5443677928211926,-0.5754502137048914,-0.5302103524122821,-0.06613583137136826,-0.26543708178237535,0.004494052471985722
det,0.35153445120191085,-0.3952961481166737,0.0285960661738946,-0.32713472232019475,0.4418144842177493,-0.06532774776791207,0.14296542301140194,-0.4337349065362073,-0.4613901002800201,0.2205004445196643,0.18162924459210425,0.11730940066487332,-0.053799815011769635,0.014771718277877257,-0.14431872900307227,0.11793258545849442,-0.12525854481949605,-0.1844319446451566,-0.3281743239069015,-0.4224223457731313,-0.4695216450752101,1.0,-0.08154131358857014,0.10696165417335733,-0.49864949176020007,0.7174156778236086,-0.05217371422466886,0.04774910039503663,-0.10774220847545281,-0.14173981032984315,0.10928623664012163,-0.22869920647743358,0.48464242301321747,0.19773425104148076,-0.04462569689674254,0.02408996959183347,-0.060971433079374304,0.24962061835286103,0.2649002429943162,0.20208876595700367,0.3469035582370975,0.13031346190122203,-0.09121883090991549,-0.2809897867150595,-0.020222110986348848,0.37283990122198746,0.45972545556968275,-0.1208543249533139,-0.09467042732521243,-0.35229018233803977
advcl:pred,-0.31040475707724413,0.25546886601804986,-0.4587346623095422,0.1785729476837179,0.01766094589494128,0.6371108245579951,-0.3498695127579113,0.013695041672197322,0.18000447139845843,0.2150691481801235,-0.10217851378656365,0.12019838645319865,-0.5857867050612467,-0.04574604735616402,0.017090233738600368,-0.12951680975855664,0.3291951991393056,-0.4327524918356471,0.32375677047458046,-0.19684314439962114,0.042064091747229984,-0.08154131358857014,1.0,0.2195022216724254,0.1567696078089012,-0.26293481341896235,0.004128098510057089,-0.10704043715235148,0.6657808399911758,0.09406533253230889,-0.3514191722152667,0.11936860782602485,-0.19121504867312203,-0.12354922797621075,-0.026857439425404486,-0.47582971934979373,0.17692183599635147,-0.0975660624071606,0.21723835318996362,-0.09264461527365564,0.09375932506436205,-0.32978723125595094,-0.5066017020605375,0.002965776272382301,-0.09952445324455997,-0.1356928087600334,-0.12583261900022555,0.32044613499147323,-0.2562467822418603,0.2805977362846445
csubj,0.014532335071704924,-0.032486458440089315,0.24475947920616958,-0.19284652809283354,0.14348769009703394,-0.11993191208785162,-0.32044385994425667,0.16998264575804983,-0.059290426051204846,0.17822601233631186,0.22975748214052896,-0.09430859665834536,0.19032087664018632,0.38736408025218716,-0.30342690738999106,0.04234988380364201,0.4086692389564691,-0.3794303702693015,-0.013281261776156137,0.07610168514008996,0.11446784278170094,0.10696165417335733,0.2195022216724254,1.0,0.1250526115435636,0.02130564717438511,-0.11362086616095594,0.062191810979554396,-0.057837640033925344,0.37462630645832484,0.12746177450458146,0.19980486877130077,-0.10601931998551771,0.2988668977660912,0.019753556470504793,0.21520423502717725,-0.19931565632993933,0.21861931262486353,0.28628858901141907,0.45413530754135084,-0.0696922070213382,0.05780154529073983,0.23719713615071406,-0.27367016574946706,-0.24533391723734171,-0.33348504128831347,-0.6223588453122281,0.0013576544675579004,-0.2501859723199705,-0.03684596669508789
xcomp,0.06911943088691627,0.060577127057061524,0.24051937056820277,-0.03841342533888038,-0.49935407171443963,0.0032486403392095816,-0.06157978938072102,0.5986642353693103,0.42681999978360463,0.10055276663974975,-0.16816554739773404,-0.22765854158880433,0.010119063200740505,-0.13161516014874391,-0.17372239122333946,-0.3338115213123517,0.4234232878812356,-0.1918346056255884,-0.10354498358122564,0.6382076054236404,0.5791528759096168,-0.49864949176020007,0.1567696078089012,0.1250526115435636,1.0,-0.2059230755801833,-0.07898624841673905,0.1294126301202387,0.0608388621943653,0.5461981113760539,0.2825765236175734,0.2537219189503469,-0.205645320482585,-0.37488470810820274,-0.40729035631923505,0.08533324284047024,-0.09619564180260128,-0.10549101736285132,0.08338147627019474,0.24653233393868165,0.019124123031994227,-0.10231289657371069,0.25342558796505527,-0.2208682636112862,-0.2950041420737176,-0.25802709952343555,-0.37197622286720855,-0.20616544180235438,-0.43061599398898665,0.007098166126641419
obl,0.5476276644696939,-0.5473957948090017,-0.1926861562534839,-0.3830261200141072,0.020471498576370692,-0.15011954571756017,0.46689871621825807,-0.33968872830998764,-0.14112703933586235,0.6212912822529718,0.22400134721996995,-0.2543782065234474,-0.10674134765589437,-0.03275423711094086,-0.07904591265959143,0.14997542770970734,-0.07701862744799437,-0.011842484394933845,-0.5496733272138183,-0.13074540081442632,-0.2771825839953844,0.7174156778236086,-0.26293481341896235,0.02130564717438511,-0.2059230755801833,1.0,0.03098789778418339,0.16710226192809355,-0.15017503891925923,0.18099735431114133,0.2128576296321436,-0.2923752768968698,0.7649715710077529,0.14007572080615166,-0.18619625991088337,-0.12425434340876236,-0.29388771847396755,0.46157291011263674,0.6214430038633985,0.2263973737038324,0.06122373003156469,-0.008271410716275926,-0.22806510931932308,-0.596961257524736,-0.13886210937547003,0.25333903430537275,0.39868680459482353,-0.41670520229474456,0.05058850529038316,-0.5465660338653954
nmod,0.19506724573808285,-0.2303885095458368,-0.12390603993555552,-0.6706805399818229,-0.008957052533710866,0.1298337764030861,0.668273265642576,0.06454001861388427,-0.24345946664724105,-0.01849763476345838,0.5291215482656986,-0.29776067938078193,0.0772780449607309,-0.11189973938403382,-0.35974488106347896,0.0592359548258297,-0.0926088479052468,0.3653039586875844,-0.227552548056534,-0.09314456856671215,0.10995546621740708,-0.05217371422466886,0.004128098510057089,-0.11362086616095594,-0.07898624841673905,0.03098789778418339,1.0,0.20364010823537393,0.08491159695915382,-0.18282989351744408,0.14658149247238852,-0.12650379126385503,0.15739708980271644,0.08281972909495618,-0.2124838742611785,0.14608379137062136,-0.12752887416078634,0.15955768865523087,-0.07822253147455686,0.28032115142661373,0.0073476829524305514,0.13205642793115266,-0.15872114660510184,-0.07631220071277664,0.19234646803971434,0.10551923676283839,-0.08139892237013607,-0.7005752176248562,-0.29834368350107304,-0.17850286972676055
advcl:cmpr,0.1325861638801815,-0.13200540829724405,0.08525222927099907,0.010926115956468953,-0.4078679893661071,-0.2373794298153856,0.3458457648938604,0.11067565739865845,-0.08416277947237784,-0.0005013130034329712,0.04177683727936311,-0.2709599547440492,-0.15593030606528954,0.20052181814088568,0.009813626908465914,-0.044270683732934996,-0.01898207003031413,0.3021945084199051,-0.148769269525381,-0.022019798236650148,0.044808318407208204,0.04774910039503663,-0.10704043715235148,0.062191810979554396,0.1294126301202387,0.16710226192809355,0.20364010823537393,1.0,-0.27618195130036977,-0.07880331993652452,0.18919924514498906,-0.3260633474130795,0.37336132185909243,0.3887504090107484,0.04716982645604638,0.08257723446538728,-0.1161727671616203,0.5877647072897639,0.0053133059867480174,0.021732934265470853,-0.21325590020447777,-0.11235723740679235,0.05864463837520674,-0.34215182461860627,-0.0929683329535444,-0.2178692635215659,-0.11948072453854781,-0.046728525446041044,0.21579615212254855,-0.1833313942187588
cc,-0.1910189386291786,0.1635658148170089,-0.5063184501481478,0.18855610962743136,0.08591734140827746,0.9829507480594254,-0.36706245068815413,0.004796099829903346,0.05051003283914161,0.0813976311476102,-0.13686663558150208,0.11014736682073993,-0.328154843629079,-0.02780825154200626,0.2157044079564805,-0.08060537362764325,0.011045908624198759,-0.01379700255976199,0.16301209346253087,-0.1964720662090179,0.05431970737277765,-0.10774220847545281,0.6657808399911758,-0.057837640033925344,0.0608388621943653,-0.15017503891925923,0.08491159695915382,-0.27618195130036977,1.0,-0.2311293396005053,-0.422157962019787,0.08380482250290457,-0.22020813173166842,-0.07926380791691273,-0.0613970032052917,-0.36106391989815173,0.3236131231746441,-0.07301875982676777,0.03961287958646571,-0.1634314214777356,-0.0019168855792685154,0.032584665036017986,-0.4773961361671654,-0.250608406275644,0.14940265498141908,-0.251558519095828,-0.23030351046285974,0.17156180739859134,-0.23940813125030797,0.18105341507756786
nsubj:pass,0.2548553851750194,-0.18747378577334683,0.0920342723301436,-0.12387762333112083,-0.34674029166722864,-0.2857197159100908,-0.029345075859116637,-0.005093666545887359,0.5765729288809386,0.36540837098315415,0.1203097051493472,-0.042874638197596626,-0.05348476743033784,-0.11445092131069483,-0.05632719056934136,0.07326542144753896,0.40978152528751216,-0.3670503186543006,-0.2707902129401563,0.27360135468096347,0.07449694564369261,-0.14173981032984315,0.09406533253230889,0.37462630645832484,0.5461981113760539,0.18099735431114133,-0.18282989351744408,-0.07880331993652452,-0.2311293396005053,1.0,0.25201837259133475,0.3858591264139021,0.1832898928299356,-0.21218094663811068,-0.27505528597532736,-0.14809441875365886,-0.1403779260089078,0.03362388885076757,0.3665764569144023,0.34087528265904526,0.2825127213967389,-0.26634078407197737,-0.023811982094179278,-0.19978008759622337,-0.42289220194356897,0.15045105461420955,-0.055586821867251134,-0.2729673745176685,-0.3485832346542868,-0.25076861345280466
discourse,0.5186486075279628,-0.406383300557278,0.3894938151427645,-0.2818055269859695,0.0456167043015643,-0.3544762916066177,0.37977589837016734,0.3813617733367891,-0.28134036618282726,0.14586305812397185,0.23318216705717093,-0.4888975556497429,0.05051204953144995,0.051572485650722075,-0.23470917190152787,-0.3157494896551473,0.48347995615643524,0.06442067611872865,-0.5395728654398853,0.35219182705130275,0.4560688420346624,0.10928623664012163,-0.3514191722152667,0.12746177450458146,0.2825765236175734,0.2128576296321436,0.14658149247238852,0.18919924514498906,-0.422157962019787,0.25201837259133475,1.0,0.09797376650104658,0.31187248952855845,0.22969838736072415,-0.38973774048202536,0.1644685840528696,-0.24661989276401922,0.20062630112646265,0.11214770294489138,0.4197441550882461,0.0775544494496152,0.29250570939934695,0.4578380487684147,-0.10992138427703865,-0.6484518759439477,-0.10444710583899332,-0.023906443588073877,-0.3806247841690942,-0.25147792696704657,-0.4554999218794831
csubj:pass,-0.14803370906940438,0.1627928693342305,0.0387854677134958,0.0060061300109184625,0.32710841001968555,0.09252499131701962,-0.5250019008687287,-0.07279865360553778,0.33238664759915487,-0.017493461488136682,-0.2574680912913211,0.5483752493529436,0.05296836246232934,-0.24314253686510046,0.03372735766224593,0.4418596906249894,-0.035919091083483616,-0.3825137241910793,0.12582233345541122,-0.20379807351405005,-0.10308503008775914,-0.22869920647743358,0.11936860782602485,0.19980486877130077,0.2537219189503469,-0.2923752768968698,-0.12650379126385503,-0.3260633474130795,0.08380482250290457,0.3858591264139021,0.09797376650104658,1.0,-0.3586621439294329,0.22543166863588587,-0.2640505963140895,-0.09765658126864299,-0.11931736962464437,-0.47866188564642914,-0.0093340172908865,-0.0036594840170442802,0.19424936222994463,0.5804879018748463,-0.030644494859931117,0.2220692201740474,0.17631103309541196,0.02260037185011713,-0.034207276041416254,-0.0035769963402764488,-0.11109954541524236,0.19509092762274446
acl,0.7870416444657692,-0.8147722779141332,-0.3263791327506193,-0.17233989395770488,-0.11300620025223936,-0.17337390372545233,0.5823065836192043,-0.33486976206743585,-0.07076704185079116,0.3462844335294584,0.14571005037989623,-0.22193218037333753,-0.14150110606210323,0.04543956133523993,0.10106328215279343,0.07070562062462073,0.08985922037075887,0.18052499080233822,-0.7717820239564033,-0.14596958173284522,-0.204317573654011,0.48464242301321747,-0.19121504867312203,-0.10601931998551771,-0.205645320482585,0.7649715710077529,0.15739708980271644,0.37336132185909243,-0.22020813173166842,0.1832898928299356,0.31187248952855845,-0.3586621439294329,1.0,0.22498244915810905,0.0292191022648963,-0.06334618290897018,0.04099084828453938,0.5037212380855882,0.28799353965491065,-0.03607255014017049,-0.13131050663213736,-0.2272274723876968,-0.37285891542058025,-0.3722566272472042,-0.2714616895272214,0.03532548621027659,0.35743230812795607,-0.24999074489227155,0.17304109154022768,-0.8319581096632129
expl:pass,0.060784305569110984,-0.16010304306589695,-0.1281505382451058,-0.029082984725957745,0.426476169947766,0.014081249880241752,-0.056211793039545065,-0.08583858741697073,-0.4039584352835971,-0.023441876352399433,-0.17437264310846212,0.1002821897796321,-0.09724230690804843,0.4177574490767231,-0.059143570834703806,0.23045291540375643,-0.2371931423450011,0.20825215452963647,-0.08464049550510504,-0.4827154336347472,-0.11842843117028529,0.19773425104148076,-0.12354922797621075,0.2988668977660912,-0.37488470810820274,0.14007572080615166,0.08281972909495618,0.3887504090107484,-0.07926380791691273,-0.21218094663811068,0.22969838736072415,0.22543166863588587,0.22498244915810905,1.0,0.25382223769018397,0.002454343416928446,-0.04297071941617291,0.2885168784120903,0.03606425150028814,-0.01193334159765121,-0.3768759113292679,0.4578668207894773,-0.044564938129081584,-0.1001761520179921,-0.039148815834226865,-0.25147112646338604,-0.19917342441752695,0.1499225772554086,0.45253251042343057,-0.14977563274710048
amod,-0.11300156590433652,-0.06497098965648371,-0.20452139066555228,0.21706810606385188,-0.07539517594801613,-0.0009598963881536647,-0.15973053092156184,-0.359244416064724,-0.07754419028025428,-0.4653031704875243,-0.25915682271894935,0.3045356606377642,-0.01120991648239474,0.7617364312443662,-0.09126576566510926,0.15707614247823418,-0.45001080682429667,0.45265074870947664,0.13987501740186548,-0.40754843977001265,-0.4029957731743676,-0.04462569689674254,-0.026857439425404486,0.019753556470504793,-0.40729035631923505,-0.18619625991088337,-0.2124838742611785,0.04716982645604638,-0.0613970032052917,-0.27505528597532736,-0.38973774048202536,-0.2640505963140895,0.0292191022648963,0.25382223769018397,1.0,0.13288024680808233,0.26631808876382157,-0.08816510692638936,-0.36509076160967213,-0.42500145955564295,-0.384393240312838,-0.2848307904251366,-0.2352546420155014,0.41713152234871803,0.1480373534467997,0.053148312867955544,-0.16104475043323566,0.452176056660078,0.5122282947492289,-0.006867263056332475
nummod,0.27370314067824986,-0.27200471228462736,0.6580697936545215,-0.3402149667053965,0.11569098457273042,-0.36346564983916535,0.07452165723583054,0.31800185952765236,-0.43395244462195376,-0.5398081985374532,0.09528846440229052,0.04496909736724593,0.8926112251335782,0.23160464773517872,-0.29382536812129395,-0.022555648120013008,-0.024227437636175676,0.0849139605711314,-0.2652005723692275,0.18620950002505,0.1915491505522995,0.02408996959183347,-0.47582971934979373,0.21520423502717725,0.08533324284047024,-0.12425434340876236,0.14608379137062136,0.08257723446538728,-0.36106391989815173,-0.14809441875365886,0.1644685840528696,-0.09765658126864299,-0.06334618290897018,0.002454343416928446,0.13288024680808233,1.0,0.15798719203865738,-0.23647045984888965,-0.4854629086270406,0.35433657461831086,-0.1311229477102113,0.1404919059185515,0.6083820097298953,-0.028170599025277323,0.1286920377017117,-0.2235575575699829,-0.3895797704205832,-0.22132895724611504,-0.12347381624719592,-0.23842892351998976
conj,0.16644057459201092,-0.19964234119472601,-0.050884185533049686,0.3721799321535539,0.17168849874931164,0.36093559227996797,-0.2613615380363424,0.07668127438935299,-0.12462405004422929,-0.6091339926466017,-0.36227147716007296,0.34381964054667874,0.11384027724549817,0.0321345551249081,0.3253931317780116,-0.37129681172122936,0.026361420463852207,0.12317691787949436,-0.17080464579489896,-0.05445088242148418,0.10032828264588482,-0.060971433079374304,0.17692183599635147,-0.19931565632993933,-0.09619564180260128,-0.29388771847396755,-0.12752887416078634,-0.1161727671616203,0.3236131231746441,-0.1403779260089078,-0.24661989276401922,-0.11931736962464437,0.04099084828453938,-0.04297071941617291,0.26631808876382157,0.15798719203865738,1.0,-0.032592843599972374,-0.6541842891199109,-0.18098701794584823,0.01842499742001213,-0.2970817795265826,-0.05147175357196516,0.037842821510237386,-0.10193093489560336,-0.20331290733444132,-0.1604977580393274,0.4378475457194508,-0.10392632488785787,-0.26111132149830174
appos,0.3480779114724572,-0.32080217844386893,-0.17073719968531997,-0.02867857049273286,-0.19967261636631906,-0.07670357999685154,0.38365874432191915,0.026196494696966995,-0.015233882472678708,0.283688316029819,0.2368064614137105,-0.49538540556757465,-0.25671681834010995,0.11666669722334991,0.04539455473137052,-0.27957459224921194,0.16819988283872928,0.30828510056916586,-0.37195763259131986,0.18749093186742213,0.08366667328963084,0.24962061835286103,-0.0975660624071606,0.21861931262486353,-0.10549101736285132,0.46157291011263674,0.15955768865523087,0.5877647072897639,-0.07301875982676777,0.03362388885076757,0.20062630112646265,-0.47866188564642914,0.5037212380855882,0.2885168784120903,-0.08816510692638936,-0.23647045984888965,-0.032592843599972374,1.0,0.24964220477040666,0.0633207638166403,-0.15910211074761785,-0.13172177427354184,-0.058985851563628816,-0.5204634716740932,-0.27787234808506517,-0.19858519571526487,-0.14235658767424647,-0.10824352189679778,-0.020842721163143375,-0.4167768836252591
case,-0.009511856259822751,0.03531066574834738,-0.3103687836263591,-0.19402025320797278,-0.08450638218197355,-0.03297133251417247,0.18082782099771452,-0.07348289116617776,0.13488369014282883,0.979386570381561,0.21542610826295544,-0.41857799884935587,-0.420360894810148,-0.12505038974373703,-0.09509429815269317,0.13115818952479846,0.25004766439746606,-0.41979486666863325,0.013918632354525246,0.04005330903091986,0.002659912748084675,0.2649002429943162,0.21723835318996362,0.28628858901141907,0.08338147627019474,0.6214430038633985,-0.07822253147455686,0.0053133059867480174,0.03961287958646571,0.3665764569144023,0.11214770294489138,-0.0093340172908865,0.28799353965491065,0.03606425150028814,-0.36509076160967213,-0.4854629086270406,-0.6541842891199109,0.24964220477040666,1.0,0.24733361179197022,-0.040289919405892126,-0.08345543148529791,-0.2610776821990274,-0.4605690673042106,-0.2426704085473897,0.05460485326266859,0.19044244303682364,-0.23723381869974047,0.06421181085366119,0.038203826198494314
