,len,PUNCT,AUX,ADV,PART,CCONJ,NOUN,SCONJ,VERB,ADP,PROPN,PRON,NUM,ADJ,advmod:emph,obl:arg,aux,flat,nsubj,root,advcl,mark,det,advcl:pred,csubj,xcomp,obl,nmod,cc,nsubj:pass,discourse,csubj:pass,acl,expl:pass,amod,nummod,conj,appos,case,xcomp:pred,aux:pass,advmod:neg,cop,obj,ccomp,fixed,acl:relcl,advmod,orphan,punct
len,1.0,-0.759946490166721,-0.12486743161688436,-0.6134622541296245,-0.6793626729983043,0.2364325173948325,0.5281981862920427,-0.0791035509426537,0.44923237541501987,0.7778539713724307,-0.5370286633121399,-0.012352728499667943,0.08157027397468332,-0.6344151473273439,-0.2172094804324998,-0.005284439221181129,-0.49921130316723633,0.11477175905502436,0.28969421170863086,-0.8033658049838879,0.4793193986125389,0.06953132168499705,-0.2808605230127695,-0.05544045466110761,0.10883227576699024,0.15112567929649967,0.3691405704303029,0.09680522450228951,0.283188135945919,-0.214959535478804,0.1277516672185503,-0.27752976598558626,-0.29902347035500243,0.087556688038493,-0.38727632101411386,0.028939071846373444,0.39982825756780893,-0.304669532789132,0.7888689986270303,0.0544189554985976,-0.344636686047753,-0.22621605956555865,0.0509118430941501,0.10273087475254372,0.41954920375048743,-0.3466660753860526,0.028556353806363937,-0.6335380964536711,0.4034768291549641,-0.7553365006137893
PUNCT,-0.759946490166721,1.0,0.09639113872559618,0.6836956551960024,0.7151753128684359,-0.46187035046690583,-0.5844808113260599,0.3472025080960181,-0.34498011700917647,-0.777458671034974,0.4921846886172458,-0.05799253691536496,0.04074228533044971,0.5032201396665118,-0.16383410005555402,0.010985205314072523,0.36861697718463565,0.042209022835061616,0.15338929594407583,0.985133537369223,-0.08521515381994095,-0.08099343693615946,0.07512000828523355,0.17510061078846084,-0.10431189613383379,0.05665960185586376,-0.22625765175464,-0.3454032601543699,-0.35426175883365324,-0.2815621401734312,-0.12452284987180082,0.31330015257539867,-0.1554931794449322,-0.5465088689023485,-0.03721850022265164,-0.04305238750033813,-0.41328672173004843,0.6428327282375856,-0.7021690200506777,-0.36380688609996115,0.02921548423286951,0.1314374032806943,0.17316633435649195,0.029085380147058366,-0.23780319963427973,0.32254996917155454,-0.037632282712956225,0.7888982921851321,-0.5145482280312427,0.9901621253067618
AUX,-0.12486743161688436,0.09639113872559618,1.0,0.45520463316444476,-0.19905596397524,-0.5512912740780216,-0.3918424835960032,0.4394391084495037,-0.18252565101384288,-0.3546162186997396,-0.11344050992863808,0.4953335760387253,0.14831973590513542,0.12617769378389881,0.3485933123724391,0.4252133696569929,0.12885048110322445,-0.2595934240721263,-0.09359126247926437,0.11503563671697037,-0.16094960866110553,0.24482692895318658,-0.2874664836411914,-0.08520540772977736,0.428920204171069,-0.08220492849000287,-0.5251684849705185,0.017777749376193204,-0.5774126056616677,0.5282653339885981,0.22080235306175378,0.44025170243754064,-0.12609791436577597,-0.028939663995675338,-0.09541783656499203,0.008881810945131841,-0.6692518032207824,-0.14977806200502644,-0.3842638597552205,0.39957893787671767,0.5905709039633463,-0.7250210539286919,0.6258043091716704,-0.02767958096492159,-0.133868414924568,0.18863780550984527,0.4163775421841061,0.2605147440384493,-0.46209190950081314,0.10761790909909784
ADV,-0.6134622541296245,0.6836956551960024,0.45520463316444476,1.0,0.44381611941687216,-0.2733932841494093,-0.6996097429672594,0.34490934732596606,-0.3535972340760343,-0.7354144875783437,0.17752937035493377,0.005093984645753284,-0.06154878244440867,0.41040716002947086,-0.28185403605341064,0.27601840826868307,0.13182279880469622,-0.21517470507156503,0.0912930936584704,0.6471865518508462,-0.4642607468652804,0.05071024921568073,-0.031179346398470982,0.14523245581361297,0.3722489696021742,0.12663565902916463,-0.44385985708673537,-0.23699399062496582,-0.18830092322859884,-0.004756068701448414,0.13740004051729054,0.5457272579272012,0.03495140390532534,-0.4626473642580621,-0.06038944149521226,-0.2700966881798768,-0.47509527147148484,0.24240419732828467,-0.7317927830056014,-0.14203675418854608,0.37686529521613565,-0.29412838395449065,0.3445463121787089,-0.4073167437036606,-0.24317407436480848,0.4166260137457669,0.000188121833999627,0.9567238930540655,-0.4598413368778637,0.6970229831063914
PART,-0.6793626729983043,0.7151753128684359,-0.19905596397524,0.44381611941687216,1.0,-0.21808414325485231,-0.6235919255710711,-0.044001131104571,0.11122088033855083,-0.3607422326487772,0.39557832040552154,0.09265264306794764,0.2473063404573386,0.17300575897521064,-0.01679679046250067,0.12072272771418474,0.47301741883241666,0.4625382500936663,-0.11245126754473937,0.7128601429297122,-0.019773896733990774,-0.24758652315603888,-0.12714515618672717,-0.08125827520925703,0.1321905570072686,0.4645428380496374,-0.40400995222466146,-0.4473523025592085,-0.1468653127957152,-0.18859434233266098,0.20285017058441393,0.14321669177498328,0.000831814058182085,-0.16369954613162147,-0.1798494914204216,0.2503822540473873,-0.20553073708894645,0.7045857237726914,-0.3204969951372783,-0.3462018219294366,-0.07707063881774573,0.4562931089686556,-0.04753084960119593,0.008142869679262255,-0.10306090845108597,0.20994633319150985,-0.23749990186782838,0.6111713722174691,-0.3019495364500604,0.7653493700061987
CCONJ,0.2364325173948325,-0.46187035046690583,-0.5512912740780216,-0.2733932841494093,-0.21808414325485231,1.0,0.22204570208592517,-0.32135513494164675,-0.1030414264662848,0.2856773511572826,-0.08353799698963507,-0.5974818601746923,-0.14593278868412304,-0.004166937405700994,-0.3384835115284601,-0.24894706657919582,-0.5366784741672777,-0.3027673447692193,-0.368315006930322,-0.4680048910186463,-0.04886648811241954,0.11713552426430292,0.44255943029302175,-0.10246241688937183,-0.04778011345117971,-0.09541681459807447,0.22040484491373544,0.06644606130091416,0.9481993236845072,-0.054854476989322346,-0.17306899701351974,-0.13163766313816327,0.25933559130663186,0.3067402164232896,0.16190675427847434,0.05354758786504029,0.8930566064711841,-0.24661302450377542,0.23297045740631642,0.2552593662643678,0.013426466029793442,0.24739476611846734,-0.5448061097391008,-0.5000953459730165,-0.18547301663075264,-0.38772503049431056,-0.6184419747618306,-0.2915787433226058,0.73572043009005,-0.4365313442314815
NOUN,0.5281981862920427,-0.5844808113260599,-0.3918424835960032,-0.6996097429672594,-0.6235919255710711,0.22204570208592517,1.0,-0.2340153908067034,0.2688652444485991,0.49568641216029946,-0.46602151060915153,-0.32442217176033844,-0.5168280770171998,-0.3029286541549891,0.10418390478339135,-0.652749367662807,-0.01741543012481951,-0.2551327622304508,0.20355481349244015,-0.5399105100232204,0.19677639022007648,0.04550944151264474,-0.047795286939048116,-0.016188440310306383,-0.5903939825818697,-0.47988846623209624,0.8097971552441693,0.6721782174692064,0.1319041216193951,-0.060217567254437776,-0.18684829389028584,-0.26098862488878166,0.37940303871001624,0.08733650221746032,0.26246649940464656,-0.45795260398456217,0.2755355108268486,-0.3671217361736132,0.47411144340413625,-0.26107336600043163,-0.4802956526851137,0.32626894954622976,-0.061732373420043556,0.047698846107763884,0.44444230030128606,-0.06515062835177736,0.03113351487069385,-0.7239477080697386,0.4870860176805743,-0.6618962189965104
SCONJ,-0.0791035509426537,0.3472025080960181,0.4394391084495037,0.34490934732596606,-0.044001131104571,-0.32135513494164675,-0.2340153908067034,1.0,-0.11742744112078693,-0.3052859800684963,-0.11716257759461368,-0.18197672720249183,-0.29995906084356866,-0.21424860400327958,0.065219194368534,0.2095208795984481,0.29519308865796107,-0.33174830080197887,0.20594970500236878,0.3424316136848375,0.22488086724445555,0.8092644416539757,0.030689747533258205,0.07491852107989656,0.0743242617426206,-0.04594755903172685,-0.31606528236102616,-0.28114331466768633,-0.3231513804979859,-0.25989508629480756,0.03772124461976671,0.3171997824287672,-0.39572682326046915,-0.5591766630195928,-0.3240665308749612,-0.21401561496889313,-0.35526203780212284,0.09101304031200852,-0.38166407618202863,-0.16650263861235873,-0.07421778301747291,-0.44105486668028526,0.5403376275869098,0.029668667167617117,-0.01120281415064425,0.31173125760534254,0.1278620562151064,0.29461616927314427,-0.19669988763276863,0.3156372603287744
VERB,0.44923237541501987,-0.34498011700917647,-0.18252565101384288,-0.3535972340760343,0.11122088033855083,-0.1030414264662848,0.2688652444485991,-0.11742744112078693,1.0,0.6870381479055114,-0.5450719565653727,0.03833286720580348,-0.07660361563594895,-0.7735498196022466,0.1591569401633709,-0.10830472693141681,0.23921440102020794,0.3826164593239779,0.28236587736924285,-0.36858194196990723,0.5585793918736577,0.033609830756248876,-0.7400431542605549,-0.38730985558023967,0.3200158443752037,0.3683123249495747,0.0921054077256335,0.0246830411121422,-0.15265018329319857,-0.20341604396690088,0.7653008026733802,0.12026715750692685,0.10436770140976218,0.15943760755450817,-0.6471003865184929,-0.019081930139571445,0.023977537232974258,0.07531114244462103,0.6718744208486258,-0.3714797408108547,-0.6624129814481954,0.2470742065845729,0.3722556259221811,0.003761334458885014,0.7661723261793355,0.1316587677028311,-0.18495135083837946,-0.25683805904351653,0.03076493043525698,-0.3308911475997085
ADP,0.7778539713724307,-0.777458671034974,-0.3546162186997396,-0.7354144875783437,-0.3607422326487772,0.2856773511572826,0.49568641216029946,-0.3052859800684963,0.6870381479055114,1.0,-0.5594702277126824,0.01929859939765618,0.07212164196032879,-0.6657104643307122,0.1440946265784476,-0.07233161576082171,-0.2544470130002059,0.35963230702871496,0.21966495574161707,-0.8169265625877814,0.369262531824556,-0.04951991798362769,-0.3198794826876554,0.019445294093961656,0.19582507149619813,0.1484689768284112,0.1649302888650894,0.19264234754592344,0.23537010486217805,-0.0401771358643244,0.3431814263897584,-0.24563825537244027,-0.1297752665309304,0.4762101340164457,-0.28589171934769947,0.09231885357199991,0.41990333404269387,-0.3607988392610943,0.9772268946253608,0.002247172378930611,-0.466705553461038,0.13615593381973679,-0.044254721900281936,0.06975145496492056,0.3568113492371245,-0.059209871790499066,0.03607551158224443,-0.7054294746271487,0.3375403333188456,-0.7498214136797664
PROPN,-0.5370286633121399,0.4921846886172458,-0.11344050992863808,0.17752937035493377,0.39557832040552154,-0.08353799698963507,-0.46602151060915153,-0.11716257759461368,-0.5450719565653727,-0.5594702277126824,1.0,0.17072137855633357,0.3039139317711986,0.46891081725627043,-0.17454432843363227,0.35768505420590774,-0.02814350042154702,0.21111042357459686,-0.2819452066497363,0.4904647774101599,-0.191279646083673,-0.2375421121599459,0.6330258613202894,-0.08306627598320426,-0.15091097675333362,0.15877159807362798,-0.11203491321249653,-0.5919035841355126,-0.059618564144471614,-0.15660276450384558,-0.35437220033141237,-0.37248066127312945,-0.14871427602320902,-0.026006287842257513,0.20477189148599087,0.5132492104806325,-0.01959707773656223,0.2158658697898372,-0.5089445214203212,0.2775857305723759,0.2697804475524539,-0.06947531649682193,-0.5979890154294908,0.47087062728763285,-0.3155396410553031,-0.378024098985645,-0.07394258053544069,0.30562706711667914,-0.37377021176422237,0.4802630806758245
PRON,-0.012352728499667943,-0.05799253691536496,0.4953335760387253,0.005093984645753284,0.09265264306794764,-0.5974818601746923,-0.32442217176033844,-0.18197672720249183,0.03833286720580348,0.01929859939765618,0.17072137855633357,1.0,0.6636663326528344,-0.04565855765214771,0.3833460718786844,0.6379421123301658,0.21111592489920894,0.6084450368578229,-0.17570563771036157,-0.025811604420187827,-0.18584137877428455,-0.4017375678764336,-0.3004668943117428,-0.0016701828099889304,0.2581256142479014,0.43027618527497014,-0.4640161165725405,-0.1617642699324622,-0.5298455141934761,0.45058758261319404,0.059617247047129354,-0.3252694569334676,-0.2871383807966558,0.192967125688964,0.031761320093755395,0.45430271896608526,-0.595078842452167,0.0505374869491265,0.046242685618163165,0.2910290014712742,0.4558579051466494,-0.3200701495619253,0.02094478643585769,0.5732214800699028,-0.11066308236966925,-0.10303728220972178,0.6575156564188864,-0.03669694033438512,-0.3805679131882891,-0.0030766618521701782
NUM,0.08157027397468332,0.04074228533044971,0.14831973590513542,-0.06154878244440867,0.2473063404573386,-0.14593278868412304,-0.5168280770171998,-0.29995906084356866,-0.07660361563594895,0.07212164196032879,0.3039139317711986,0.6636663326528344,1.0,0.1608873761450967,-0.013311802077259852,0.49344942266532676,-0.27079696537221354,0.655549458068857,-0.27804578458341117,0.02578030534465926,0.11943530283883745,-0.538403497838415,-0.14757700233575163,0.030372151959263384,0.29513783142989364,0.5312978249912392,-0.44238331263139685,-0.41102489480023946,0.021771378833148742,0.20645790474491146,-0.08993729591986821,-0.2803143557581243,-0.5745730017080399,0.23753541164956707,-0.1597007274458005,0.8134317585807791,0.024066529770724297,0.3749349330069427,0.18202293149096543,0.43365490914477217,0.4212689265467659,-0.11306051460081692,-0.2261607684742538,0.3415614251514143,-0.39320486918262676,-0.4335991791028394,0.16416542789978383,-0.030656080680002182,-0.09339156657484705,0.14825759082246817
ADJ,-0.6344151473273439,0.5032201396665118,0.12617769378389881,0.41040716002947086,0.17300575897521064,-0.004166937405700994,-0.3029286541549891,-0.21424860400327958,-0.7735498196022466,-0.6657104643307122,0.46891081725627043,-0.04565855765214771,0.1608873761450967,1.0,-0.047005242115965434,-0.2114128750557146,-0.18451153006716306,-0.2939810377374498,-0.20045524527802308,0.5120885473086682,-0.4974635535223191,-0.415306418607425,0.39870145359858644,0.33741246379662293,-0.22809262555947865,-0.47930986174483337,-0.048953796812911,0.20049891677214815,0.028644708431544545,0.35261800195791604,-0.4931080268110142,0.2283861750239843,0.13052086445277478,0.07065522720477578,0.5962402861840265,0.010341542625038017,-0.0408681066245621,0.10659714690764854,-0.576637962708843,0.27908799794266465,0.5638280031330986,0.08891748902093186,-0.19118540540011936,-0.22771678174659768,-0.6892985987674878,0.06612495432273673,0.026944168720647057,0.3539967657084798,-0.20902855366807196,0.5046545941725612
advmod:emph,-0.2172094804324998,-0.16383410005555402,0.3485933123724391,-0.28185403605341064,-0.01679679046250067,-0.3384835115284601,0.10418390478339135,0.065219194368534,0.1591569401633709,0.1440946265784476,-0.17454432843363227,0.3833460718786844,-0.013311802077259852,-0.047005242115965434,1.0,-0.026574752184991134,0.5727401758951123,0.01828707869964357,-0.3171046505763848,-0.07223032713048726,-0.0439727984738186,0.16848689001406045,-0.1744918509773144,-0.06658923563410107,-0.046603503453477434,-0.32214159332074294,-0.3678507921686035,0.37294480505411864,-0.537042960629864,0.6923360602460379,0.14146811794291217,0.09702484554718097,0.1847186650979662,0.5239074027034378,0.2754668658929579,0.10582521485045177,-0.4068324971593056,-0.2212117543014742,0.05902666902764209,0.24777085253295633,0.1822434100546139,0.09138933541158693,0.2501675369708021,0.20953757589434946,-0.12019616593236201,0.31231649670567607,0.40396450888365876,-0.38642584829698134,-0.14531487507151922,-0.1590832004633748
obl:arg,-0.005284439221181129,0.010985205314072523,0.4252133696569929,0.27601840826868307,0.12072272771418474,-0.24894706657919582,-0.652749367662807,0.2095208795984481,-0.10830472693141681,-0.07233161576082171,0.35768505420590774,0.6379421123301658,0.49344942266532676,-0.2114128750557146,-0.026574752184991134,1.0,-0.05617477941179662,0.44174840002456245,-0.1365790336083701,-0.02556236364050838,-0.20917231026241495,0.07709821336400513,0.10966579094077326,-0.016793584336177326,0.5896169205615033,0.6516257832951571,-0.6832882224700939,-0.6985369192617206,-0.190331383167212,0.04471846875481508,0.16329329353731187,-0.2824653513861776,-0.5133726393217369,0.0024376848981401177,-0.25742023060086505,0.4896348090370645,-0.3284506246524859,-0.0927186082581807,-0.11664101570741293,0.3823276940869112,0.41572463210260446,-0.675076857235672,-0.11692391286004952,0.4057567381777254,-0.17245329586087962,-0.15956857850261322,0.35325410375794897,0.2703744903657364,-0.3892862967430789,0.06495056304554415
aux,-0.49921130316723633,0.36861697718463565,0.12885048110322445,0.13182279880469622,0.47301741883241666,-0.5366784741672777,-0.01741543012481951,0.29519308865796107,0.23921440102020794,-0.2544470130002059,-0.02814350042154702,0.21111592489920894,-0.27079696537221354,-0.18451153006716306,0.5727401758951123,-0.05617477941179662,1.0,0.1198893901580982,-0.1221464318415389,0.4702032530269257,-0.007548901900390546,0.23048216711156916,-0.268603900957695,-0.18909110228311726,-0.262499270753554,0.05590438045413576,-0.195051970235502,0.07143763443420205,-0.6089316596868806,0.10094706338533442,0.12457486078273755,0.0555637792195626,0.28509763316852693,-0.2379068888174495,0.08351478796476389,-0.19001326061635535,-0.6521367448619921,0.33913398793370314,-0.32953534763054776,-0.46952836151006583,-0.15038754112321698,0.33381591720608395,0.3024592215284185,0.25032357703627706,0.20857367962066922,0.4070835228891732,0.21709140144297417,0.1573027431010575,-0.18231451267353666,0.3441749140648886
flat,0.11477175905502436,0.042209022835061616,-0.2595934240721263,-0.21517470507156503,0.4625382500936663,-0.3027673447692193,-0.2551327622304508,-0.33174830080197887,0.3826164593239779,0.35963230702871496,0.21111042357459686,0.6084450368578229,0.655549458068857,-0.2939810377374498,0.01828707869964357,0.44174840002456245,0.1198893901580982,1.0,0.12374082698660283,0.009215771892414968,0.1483811126982405,-0.534605623921115,-0.2682636716522048,0.1066013221697675,0.1907235742492881,0.7286027078270673,-0.24561658861566082,-0.43118133433291506,-0.16701493941127857,-0.18666920466344214,0.14513025634586157,-0.5013297373731933,-0.4615403310475126,0.09641844199282065,-0.271779922739645,0.5215110287695973,-0.11803774876342231,0.3480432576919228,0.43115684525735687,-0.16019584259207148,-0.18973900925926282,0.18792035643480573,-0.25999670471501135,0.5856086381853395,0.07571849566040406,-0.10522494226828105,0.28331569690841624,-0.043074340170314786,-0.2080621878137059,0.10912203250466831
nsubj,0.28969421170863086,0.15338929594407583,-0.09359126247926437,0.0912930936584704,-0.11245126754473937,-0.368315006930322,0.20355481349244015,0.20594970500236878,0.28236587736924285,0.21966495574161707,-0.2819452066497363,-0.17570563771036157,-0.27804578458341117,-0.20045524527802308,-0.3171046505763848,-0.1365790336083701,-0.1221464318415389,0.12374082698660283,1.0,0.03378598566229725,0.13550614833388777,-0.0825106699162854,-0.2770043394423896,0.4932421435258135,0.09397374729124142,-0.060799369532424576,0.30758360057616246,0.0806002808634729,-0.28956769797745074,-0.5408345997737661,0.23869270976531168,0.18972728250250248,-0.30396595895190426,-0.3734177722217565,-0.3402344084325129,-0.5189976497985159,-0.17850766040933194,-0.10861484586799036,0.2891463692795869,-0.5779064492672744,-0.6190391044015047,-0.1190382201734728,0.4015555718828419,0.04318556195470034,0.39403459404801994,0.5288406482595038,0.2795145914535763,0.1852739442307969,-0.41846772800021564,0.09764197074035734
root,-0.8033658049838879,0.985133537369223,0.11503563671697037,0.6471865518508462,0.7128601429297122,-0.4680048910186463,-0.5399105100232204,0.3424316136848375,-0.36858194196990723,-0.8169265625877814,0.4904647774101599,-0.025811604420187827,0.02578030534465926,0.5120885473086682,-0.07223032713048726,-0.02556236364050838,0.4702032530269257,0.009215771892414968,0.03378598566229725,1.0,-0.09685892732068042,-0.05539107896802992,0.07942344453883636,0.11226381523085548,-0.20180841059381954,0.025272549657765056,-0.21862796691034467,-0.2888753455197988,-0.37316413638559287,-0.20058454060529,-0.18913685407655262,0.27344026907767455,-0.0782322451772141,-0.5419881519619819,0.0480636749620739,-0.036663379822327945,-0.4496770332663878,0.6739223796030548,-0.7542649198441995,-0.3535080919055207,0.08223593808835751,0.18697606554310447,0.15616371042832805,0.05559445405597223,-0.2543045096838098,0.2837947460971476,-0.026822812766703116,0.7342668265967005,-0.44157112723238046,0.9742644518254355
advcl,0.4793193986125389,-0.08521515381994095,-0.16094960866110553,-0.4642607468652804,-0.019773896733990774,-0.04886648811241954,0.19677639022007648,0.22488086724445555,0.5585793918736577,0.369262531824556,-0.191279646083673,-0.18584137877428455,0.11943530283883745,-0.4974635535223191,-0.0439727984738186,-0.20917231026241495,-0.007548901900390546,0.1483811126982405,0.13550614833388777,-0.09685892732068042,1.0,0.2374581249664953,-0.3936171569580367,-0.4597515620800416,-0.029513942645308332,0.19390297390863392,0.23522343809394392,-0.25256246608256366,-0.026397953746904713,-0.44507252646266304,0.2786463494481449,0.04555580917440762,-0.3160177481657406,-0.09844218296973575,-0.7105974876350735,0.32188375231459776,0.28976563515309006,0.3985842899513845,0.4242294637394022,-0.1379193431024551,-0.585180748615509,0.1301237461226026,0.26886183574790956,0.20546712894408786,0.5045623494757161,-0.3371079833074142,-0.4095731352821879,-0.34772326865107456,0.1536914561469066,-0.08547935781470918
mark,0.06953132168499705,-0.08099343693615946,0.24482692895318658,0.05071024921568073,-0.24758652315603888,0.11713552426430292,0.04550944151264474,0.8092644416539757,0.033609830756248876,-0.04951991798362769,-0.2375421121599459,-0.4017375678764336,-0.538403497838415,-0.415306418607425,0.16848689001406045,0.07709821336400513,0.23048216711156916,-0.534605623921115,-0.0825106699162854,-0.05539107896802992,0.2374581249664953,1.0,0.16338680101605138,-0.23509643298294727,0.06014991939059585,-0.15292760036333114,-0.17537267478711763,-0.1428557978422589,-0.02017453592337777,-0.13891250876780437,0.1433625042889909,0.24056941753927866,-0.024895119645626188,-0.22807968804909004,-0.24130417879288626,-0.21225617822774004,-0.017530270003222975,-0.2118020354122221,-0.20524825940748134,0.01640184764149442,-0.12313998481381334,-0.3338208910079793,0.33656264857441653,-0.13847051059655263,0.13544306493906674,0.12223629304196336,-0.1655473598909228,-0.029996072039220736,0.14414769136484099,-0.12134755163176143
det,-0.2808605230127695,0.07512000828523355,-0.2874664836411914,-0.031179346398470982,-0.12714515618672717,0.44255943029302175,-0.047795286939048116,0.030689747533258205,-0.7400431542605549,-0.3198794826876554,0.6330258613202894,-0.3004668943117428,-0.14757700233575163,0.39870145359858644,-0.1744918509773144,0.10966579094077326,-0.268603900957695,-0.2682636716522048,-0.2770043394423896,0.07942344453883636,-0.3936171569580367,0.16338680101605138,1.0,0.23073882818930636,-0.3439296256950542,-0.27835012966978034,0.06149639081310356,-0.2080924762523024,0.3839451493952974,-0.09054315253442663,-0.6295958471077681,-0.4037558822840364,-0.0358712044724934,0.05194819727090141,0.5386538389805324,0.1125318854605474,0.34896755670748664,-0.30120351657728284,-0.36781559964753147,0.3376707143516938,0.25866487583718323,-0.0919013167751319,-0.7148464921014844,0.13761259350183402,-0.5174479503267047,-0.254879004194377,-0.06134380223546677,-0.020412560800916767,0.11508798657433676,0.03800057559302731
advcl:pred,-0.05544045466110761,0.17510061078846084,-0.08520540772977736,0.14523245581361297,-0.08125827520925703,-0.10246241688937183,-0.016188440310306383,0.07491852107989656,-0.38730985558023967,0.019445294093961656,-0.08306627598320426,-0.0016701828099889304,0.030372151959263384,0.33741246379662293,-0.06658923563410107,-0.016793584336177326,-0.18909110228311726,0.1066013221697675,0.4932421435258135,0.11226381523085548,-0.4597515620800416,-0.23509643298294727,0.23073882818930636,1.0,-0.11550012948787615,-0.254646920507872,-0.0867229688986049,0.24794293191374447,0.0017083416088403626,-0.005008549086358851,-0.4101084095241099,-0.054363349049919615,-0.4013427058711029,-0.12435640671079713,0.3925883115140234,-0.3391781249120661,-0.10206920054828657,-0.19440258604772429,0.05770288763746196,-0.1920054392149823,0.05867982222872614,-0.01102771658023328,-0.047385466262901264,-0.01492921184967283,-0.5365725322166096,0.534016965667573,0.5973444407805093,0.11805714868626822,-0.13944151297784727,0.17871061443183645
csubj,0.10883227576699024,-0.10431189613383379,0.428920204171069,0.3722489696021742,0.1321905570072686,-0.04778011345117971,-0.5903939825818697,0.0743242617426206,0.3200158443752037,0.19582507149619813,-0.15091097675333362,0.2581256142479014,0.29513783142989364,-0.22809262555947865,-0.046603503453477434,0.5896169205615033,-0.262499270753554,0.1907235742492881,0.09397374729124142,-0.20180841059381954,-0.029513942645308332,0.06014991939059585,-0.3439296256950542,-0.11550012948787615,1.0,0.4383294110130482,-0.6407400922985206,-0.37756218826403554,-0.06288159101434714,0.13165862275203358,0.7545933150453634,0.42599769654111375,-0.22297994605081956,0.2803797402124923,-0.585079924134599,0.23922597500991713,-0.09465442146173733,-0.1910008759193325,0.17186438325510422,0.32613763637435395,0.1822195285558476,-0.5263411966589072,0.340148562661851,-0.2819510086046435,0.05684340769421881,0.17007333980252146,-0.05525794857023403,0.3423446752209937,-0.40204193876301636,-0.03488090636344228
xcomp,0.15112567929649967,0.05665960185586376,-0.08220492849000287,0.12663565902916463,0.4645428380496374,-0.09541681459807447,-0.47988846623209624,-0.04594755903172685,0.3683123249495747,0.1484689768284112,0.15877159807362798,0.43027618527497014,0.5312978249912392,-0.47930986174483337,-0.32214159332074294,0.6516257832951571,0.05590438045413576,0.7286027078270673,-0.060799369532424576,0.025272549657765056,0.19390297390863392,-0.15292760036333114,-0.27835012966978034,-0.254646920507872,0.4383294110130482,1.0,-0.3597089217245417,-0.7290596410213184,0.06967697681494807,-0.35419707889008717,0.3003609498799902,-0.33709512544330533,-0.3872531952679849,-0.21396789398551405,-0.5650440335127559,0.47972784855747974,-0.059277814462764776,0.4470989354048639,0.16410965010723388,-0.13501969202651612,-0.0672278508739933,-0.08622947789020777,-0.14604144445042141,0.29330161555178114,0.20873173830986697,-0.30186955137185467,-0.07534406846773684,0.2570790134259198,-0.037897466615991235,0.13424230845425178
obl,0.3691405704303029,-0.22625765175464,-0.5251684849705185,-0.44385985708673537,-0.40400995222466146,0.22040484491373544,0.8097971552441693,-0.31606528236102616,0.0921054077256335,0.1649302888650894,-0.11203491321249653,-0.4640161165725405,-0.44238331263139685,-0.048953796812911,-0.3678507921686035,-0.6832882224700939,-0.195051970235502,-0.24561658861566082,0.30758360057616246,-0.21862796691034467,0.23522343809394392,-0.17537267478711763,0.06149639081310356,-0.0867229688986049,-0.6407400922985206,-0.3597089217245417,1.0,0.408069761856907,0.22788407312936054,-0.39934116731332375,-0.27677274625552406,-0.2396727841116505,0.34850766152481133,-0.1952568507155811,0.15318799542664227,-0.405111741190729,0.3628182578659161,-0.06815812553115852,0.22759253169569157,-0.373541366577398,-0.5258003215613277,0.35228233061617464,-0.19408372332359006,0.0302171224844829,0.4862761474727264,-0.2505852123233509,-0.23627022241437173,-0.37440396812384724,0.3460695237467911,-0.3162939073832903
nmod,0.09680522450228951,-0.3454032601543699,0.017777749376193204,-0.23699399062496582,-0.4473523025592085,0.06644606130091416,0.6721782174692064,-0.28114331466768633,0.0246830411121422,0.19264234754592344,-0.5919035841355126,-0.1617642699324622,-0.41102489480023946,0.20049891677214815,0.37294480505411864,-0.6985369192617206,0.07143763443420205,-0.43118133433291506,0.0806002808634729,-0.2888753455197988,-0.25256246608256366,-0.1428557978422589,-0.2080924762523024,0.24794293191374447,-0.37756218826403554,-0.7290596410213184,0.408069761856907,1.0,-0.031168491541833952,0.5047003485309141,-0.1428576483265444,0.23162819683173796,0.5497220979989712,0.25120589784609865,0.5489168786301739,-0.6064628556387297,-0.03611533510787899,-0.37024939754400904,0.18015379916352411,-0.11056961786190128,0.012484513339341018,0.3168223486299106,0.23338958361203357,-0.3720097452825976,-0.0023453692591496266,0.36238138663238995,0.22552770966052874,-0.3931931104257368,0.28406486957889854,-0.3825488660788622
cc,0.283188135945919,-0.35426175883365324,-0.5774126056616677,-0.18830092322859884,-0.1468653127957152,0.9481993236845072,0.1319041216193951,-0.3231513804979859,-0.15265018329319857,0.23537010486217805,-0.059618564144471614,-0.5298455141934761,0.021771378833148742,0.028644708431544545,-0.537042960629864,-0.190331383167212,-0.6089316596868806,-0.16701493941127857,-0.28956769797745074,-0.37316413638559287,-0.026397953746904713,-0.02017453592337777,0.3839451493952974,0.0017083416088403626,-0.06288159101434714,0.06967697681494807,0.22788407312936054,-0.031168491541833952,1.0,-0.18150470069383698,-0.2783213441627503,-0.20372572742170728,0.0835563401912503,0.1141659573456816,0.10133444176920405,0.08902187431951393,0.8818549059483224,-0.05148209536334544,0.22537600395191917,0.15218802435659343,0.028173018958450407,0.2502521934084035,-0.5634369167579723,-0.4608133265146539,-0.23783677259381691,-0.4490151463613553,-0.5772836127382815,-0.18459166430957025,0.76121218342362,-0.31177635380847024
nsubj:pass,-0.214959535478804,-0.2815621401734312,0.5282653339885981,-0.004756068701448414,-0.18859434233266098,-0.054854476989322346,-0.060217567254437776,-0.25989508629480756,-0.20341604396690088,-0.0401771358643244,-0.15660276450384558,0.45058758261319404,0.20645790474491146,0.35261800195791604,0.6923360602460379,0.04471846875481508,0.10094706338533442,-0.18666920466344214,-0.5408345997737661,-0.20058454060529,-0.44507252646266304,-0.13891250876780437,-0.09054315253442663,-0.005008549086358851,0.13165862275203358,-0.35419707889008717,-0.39934116731332375,0.5047003485309141,-0.18150470069383698,1.0,-0.018463143349084082,0.1870304022510041,0.32450132347284827,0.6269500413631549,0.509249486467866,0.11448475916019282,-0.25800229259033475,-0.34175712231932964,-0.08952766532689362,0.5979402854020879,0.7222289423135431,-0.1051486882381084,0.10247565065937014,-0.1774261574367693,-0.44027869779192613,0.10179921239519758,0.3340038151739845,-0.22406382710720651,0.0036864985022176193,-0.23836949973786228
discourse,0.1277516672185503,-0.12452284987180082,0.22080235306175378,0.13740004051729054,0.20285017058441393,-0.17306899701351974,-0.18684829389028584,0.03772124461976671,0.7653008026733802,0.3431814263897584,-0.35437220033141237,0.059617247047129354,-0.08993729591986821,-0.4931080268110142,0.14146811794291217,0.16329329353731187,0.12457486078273755,0.14513025634586157,0.23869270976531168,-0.18913685407655262,0.2786463494481449,0.1433625042889909,-0.6295958471077681,-0.4101084095241099,0.7545933150453634,0.3003609498799902,-0.27677274625552406,-0.1428576483265444,-0.2783213441627503,-0.018463143349084082,1.0,0.5245489401532614,0.14488663785440503,0.24782883082107385,-0.701921582364801,-0.00694316963987475,-0.15372506646256695,-0.09748598745208838,0.3082024166067159,-0.0674907775623641,-0.31863727349078697,-0.15230412072581456,0.5432887767492174,-0.24934406670466205,0.5820051096925917,0.3071500614560235,-0.2306813274805462,0.17622576874357454,-0.37820927768189394,-0.10592062296893161
csubj:pass,-0.27752976598558626,0.31330015257539867,0.44025170243754064,0.5457272579272012,0.14321669177498328,-0.13163766313816327,-0.26098862488878166,0.3171997824287672,0.12026715750692685,-0.24563825537244027,-0.37248066127312945,-0.3252694569334676,-0.2803143557581243,0.2283861750239843,0.09702484554718097,-0.2824653513861776,0.0555637792195626,-0.5013297373731933,0.18972728250250248,0.27344026907767455,0.04555580917440762,0.24056941753927866,-0.4037558822840364,-0.054363349049919615,0.42599769654111375,-0.33709512544330533,-0.2396727841116505,0.23162819683173796,-0.20372572742170728,0.1870304022510041,0.5245489401532614,1.0,0.22789339579070178,-0.011199928015212326,-0.28355573460358874,-0.35616315778126234,-0.182858062721981,0.03705431430373103,-0.24398200833353384,-0.04712210379105702,0.029117091961367192,-0.09646230319361188,0.7612909417179905,-0.7168544811861209,0.03209435463729776,0.5538656830497088,-0.26734189628807503,0.45886161384214014,-0.3058147129886165,0.31441829603995936
acl,-0.29902347035500243,-0.1554931794449322,-0.12609791436577597,0.03495140390532534,0.000831814058182085,0.25933559130663186,0.37940303871001624,-0.39572682326046915,0.10436770140976218,-0.1297752665309304,-0.14871427602320902,-0.2871383807966558,-0.5745730017080399,0.13052086445277478,0.1847186650979662,-0.5133726393217369,0.28509763316852693,-0.4615403310475126,-0.30396595895190426,-0.0782322451772141,-0.3160177481657406,-0.024895119645626188,-0.0358712044724934,-0.4013427058711029,-0.22297994605081956,-0.3872531952679849,0.34850766152481133,0.5497220979989712,0.0835563401912503,0.32450132347284827,0.14488663785440503,0.22789339579070178,1.0,0.2249114815456736,0.3944361058083369,-0.4364557913415846,0.01788500397819464,-0.20281322673935445,-0.19803105067402343,-0.10189089982920525,0.011358585432097201,0.3986955559288042,-0.0283267342178139,-0.4467481557523276,0.2727163942951388,0.10466838989214929,-0.33810790774094907,-0.025412670108767358,0.212857348218547,-0.20192570183023595
expl:pass,0.087556688038493,-0.5465088689023485,-0.028939663995675338,-0.4626473642580621,-0.16369954613162147,0.3067402164232896,0.08733650221746032,-0.5591766630195928,0.15943760755450817,0.4762101340164457,-0.026006287842257513,0.192967125688964,0.23753541164956707,0.07065522720477578,0.5239074027034378,0.0024376848981401177,-0.2379068888174495,0.09641844199282065,-0.3734177722217565,-0.5419881519619819,-0.09844218296973575,-0.22807968804909004,0.05194819727090141,-0.12435640671079713,0.2803797402124923,-0.21396789398551405,-0.1952568507155811,0.25120589784609865,0.1141659573456816,0.6269500413631549,0.24782883082107385,-0.011199928015212326,0.2249114815456736,1.0,0.20013795726285977,0.4031746541750228,0.30842763611361146,-0.5024583427341084,0.44674351970944465,0.6575394126178686,0.22784425078145096,0.06965553453061717,-0.24675726027797018,-0.06403303656322588,-0.17646509847474492,-0.10547038922292785,-0.030415939042881087,-0.5178121837723405,0.028497702523673018,-0.505916218582
amod,-0.38727632101411386,-0.03721850022265164,-0.09541783656499203,-0.06038944149521226,-0.1798494914204216,0.16190675427847434,0.26246649940464656,-0.3240665308749612,-0.6471003865184929,-0.28589171934769947,0.20477189148599087,0.031761320093755395,-0.1597007274458005,0.5962402861840265,0.2754668658929579,-0.25742023060086505,0.08351478796476389,-0.271779922739645,-0.3402344084325129,0.0480636749620739,-0.7105974876350735,-0.24130417879288626,0.5386538389805324,0.3925883115140234,-0.585079924134599,-0.5650440335127559,0.15318799542664227,0.5489168786301739,0.10133444176920405,0.509249486467866,-0.701921582364801,-0.28355573460358874,0.3944361058083369,0.20013795726285977,1.0,-0.23270453499920896,-0.04829611473441201,-0.2993189652737186,-0.31636936373999447,0.16686222117373214,0.4651683566669649,0.24264153077313289,-0.4561174370244328,-0.0014723980916946735,-0.5599153163134776,0.07186379942285831,0.3465610774636469,-0.17437428021262244,0.2097986341206556,-0.06429046965501459
nummod,0.028939071846373444,-0.04305238750033813,0.008881810945131841,-0.2700966881798768,0.2503822540473873,0.05354758786504029,-0.45795260398456217,-0.21401561496889313,-0.019081930139571445,0.09231885357199991,0.5132492104806325,0.45430271896608526,0.8134317585807791,0.010341542625038017,0.10582521485045177,0.4896348090370645,-0.19001326061635535,0.5215110287695973,-0.5189976497985159,-0.036663379822327945,0.32188375231459776,-0.21225617822774004,0.1125318854605474,-0.3391781249120661,0.23922597500991713,0.47972784855747974,-0.405111741190729,-0.6064628556387297,0.08902187431951393,0.11448475916019282,-0.00694316963987475,-0.35616315778126234,-0.4364557913415846,0.4031746541750228,-0.23270453499920896,1.0,0.23165187515486335,0.2792430930329578,0.14163182265118254,0.5983984108648739,0.28954171082940017,-0.08868584215609787,-0.4008704105286366,0.44249042575526554,-0.25485097814455054,-0.6444715998197686,-0.14881904591878298,-0.19447901903326995,-0.0358349642694932,0.03774691782584725
conj,0.39982825756780893,-0.41328672173004843,-0.6692518032207824,-0.47509527147148484,-0.20553073708894645,0.8930566064711841,0.2755355108268486,-0.35526203780212284,0.023977537232974258,0.41990333404269387,-0.01959707773656223,-0.595078842452167,0.024066529770724297,-0.0408681066245621,-0.4068324971593056,-0.3284506246524859,-0.6521367448619921,-0.11803774876342231,-0.17850766040933194,-0.4496770332663878,0.28976563515309006,-0.017530270003222975,0.34896755670748664,-0.10206920054828657,-0.09465442146173733,-0.059277814462764776,0.3628182578659161,-0.03611533510787899,0.8818549059483224,-0.25800229259033475,-0.15372506646256695,-0.182858062721981,0.01788500397819464,0.30842763611361146,-0.04829611473441201,0.23165187515486335,1.0,-0.09530228467576023,0.43813929072828983,0.21631173841328813,-0.21938016389893658,0.3054733318767192,-0.528966885152627,-0.30272883314995075,-0.07312948462656217,-0.5012523346335346,-0.6604243618103235,-0.41392894834715804,0.6450885390731669,-0.3910381461667343
appos,-0.304669532789132,0.6428327282375856,-0.14977806200502644,0.24240419732828467,0.7045857237726914,-0.24661302450377542,-0.3671217361736132,0.09101304031200852,0.07531114244462103,-0.3607988392610943,0.2158658697898372,0.0505374869491265,0.3749349330069427,0.10659714690764854,-0.2212117543014742,-0.0927186082581807,0.33913398793370314,0.3480432576919228,-0.10861484586799036,0.6739223796030548,0.3985842899513845,-0.2118020354122221,-0.30120351657728284,-0.19440258604772429,-0.1910008759193325,0.4470989354048639,-0.06815812553115852,-0.37024939754400904,-0.05148209536334544,-0.34175712231932964,-0.09748598745208838,0.03705431430373103,-0.20281322673935445,-0.5024583427341084,-0.2993189652737186,0.2792430930329578,-0.09530228467576023,1.0,-0.2563704705624062,-0.41741570384697735,-0.12615568240313071,0.4428367837249233,0.07775665985226064,0.10046618366929827,-0.003694760869614988,-0.16164694205787114,-0.29369473891568937,0.3786282974983785,0.041403407872171456,0.688671192689809
case,0.7888689986270303,-0.7021690200506777,-0.3842638597552205,-0.7317927830056014,-0.3204969951372783,0.23297045740631642,0.47411144340413625,-0.38166407618202863,0.6718744208486258,0.9772268946253608,-0.5089445214203212,0.046242685618163165,0.18202293149096543,-0.576637962708843,0.05902666902764209,-0.11664101570741293,-0.32953534763054776,0.43115684525735687,0.2891463692795869,-0.7542649198441995,0.4242294637394022,-0.20524825940748134,-0.36781559964753147,0.05770288763746196,0.17186438325510422,0.16410965010723388,0.22759253169569157,0.18015379916352411,0.22537600395191917,-0.08952766532689362,0.3082024166067159,-0.24398200833353384,-0.19803105067402343,0.44674351970944465,-0.31636936373999447,0.14163182265118254,0.43813929072828983,-0.2563704705624062,1.0,-0.021016563784778043,-0.4865436729514095,0.17449399835940582,-0.0496603300393077,0.09972576342728523,0.34829180621873723,-0.10130472357476178,0.02827560420551551,-0.6770884330502941,0.289939375864564,-0.6707462159129673
