,len,PUNCT,AUX,ADV,PART,CCONJ,NOUN,SCONJ,VERB,ADP,PROPN,PRON,NUM,ADJ,advmod:emph,obl:arg,aux,flat,nsubj,root,advcl,mark,det,csubj,xcomp,obl,nmod,cc,nsubj:pass,discourse,csubj:pass,acl,amod,nummod,conj,appos,case,xcomp:pred,aux:pass,advmod:neg,cop,obj,ccomp,parataxis,fixed,acl:relcl,advmod,orphan,punct
len,1.0,-0.6303108405108013,0.5982605248948857,-0.0677759447676166,0.24412921153909434,0.4260655769392214,0.266091489743248,0.8052379234543251,-0.6700746512821093,-0.18299911124468496,-0.6711174082036105,-0.04385269214245457,-0.328439188461795,-0.21396141909178287,0.6662919548464636,-0.4688652320152397,0.747108456439925,-0.3905590602815015,-0.1981274563619934,-0.8671408180556492,0.8641336973533575,0.5828456360350951,0.28418436731502567,-0.5669271993166423,-0.9515153259273172,-0.5009814384239443,0.39964241927046706,0.5158569781766169,0.6264575235822744,0.2963282030254803,-0.5441051372647682,-0.3326239784048517,-0.011471706361559168,-0.17829143098318243,0.6677113225247917,0.747108456439925,-0.16648040911398115,0.7892669435050043,0.7441442612121654,0.7846409190415622,0.42578666460477294,-0.686593096950177,-0.594525381384505,-0.47669381666314176,-0.4322209241464637,-0.10088683590103963,-0.2850679846682843,-0.9995950613543015,-0.5690102068463044
PUNCT,-0.6303108405108013,1.0,-0.9960517166973951,-0.2023669855167255,-0.07799756614261065,-0.11256986051259325,0.5239439567097317,-0.5557007261965266,0.3268861808022716,-0.5691483545106336,0.8225524352187216,-0.7471636365883793,0.8725901252365537,0.8761538808259377,-0.15473914696984892,0.619412607025884,-0.4066508888824627,-0.3468981427646598,-0.5420030591523028,0.9321604711803962,-0.6007029979791626,-0.6393902890544118,-0.6004824618427267,0.9764865012849057,0.7987397754780557,-0.1614678800553102,0.42595790699987907,-0.07747706594251268,-0.17234416637927263,-0.7678514371319278,-0.023535720113539785,0.2126559391408532,0.7834635887939146,0.7474155073263553,0.15705539799798038,-0.4066508888824627,-0.5348919904574881,-0.24086880387749135,-0.9531785729319103,-0.9141586849706621,-0.95010017442208,0.7007519487108368,0.027517009881634785,0.8957376305935315,-0.39396513994958704,-0.6307743583365325,0.09560158225773178,0.6308668813404589,0.9806039003081851
AUX,0.5982605248948857,-0.9960517166973951,1.0,0.13525019853630418,-0.009244399524974382,0.16544668584373565,-0.5806381958225049,0.5784812636102427,-0.2441307861941739,0.5585967705824836,-0.7690249336745407,0.76584476962383,-0.8482230064834027,-0.9058154669458439,0.07307739799588202,-0.5506857977244978,0.4338629663630025,0.3342147170500523,0.6041942279469809,-0.911789751563773,0.6144595430719646,0.6868402726021842,0.5393554221697605,-0.9915572283018687,-0.7599718272493929,0.1415404372486844,-0.4794305498909999,0.11802314795323593,0.2043931574316356,0.7264469537004085,0.10648095728347381,-0.12644929045765985,-0.805016832917347,-0.7149674270394781,-0.19427122740788988,0.4338629663630025,0.5140696615124801,0.16715266182962912,0.9231783217589405,0.8759716307762447,0.9723359587035438,-0.7372868625085535,0.05448768744699588,-0.9309895223378484,0.4036278969048782,0.6177898964377171,-0.16057169315623734,-0.6011318325394512,-0.9642611699867577
ADV,-0.0677759447676166,-0.2023669855167255,0.13525019853630418,1.0,0.8657250281793596,-0.9271581694776094,0.049021850609505056,-0.5931090215444977,-0.608590027735619,0.7023466826993898,-0.6220161361183694,0.36074818379823614,-0.6235615082065583,-0.09187161450045045,0.47430793285783474,-0.8367621223299374,-0.7009690020563089,0.7538113087894414,-0.16217272980316666,-0.1331604786029573,-0.5071661836210429,-0.6227794525401225,0.9001049172774648,-0.018093749920074335,-0.1773791863778164,0.804590220325575,-0.038557681121500306,-0.8881480151789608,-0.8189629053114837,0.777703253972364,-0.470551020494914,-0.8712150588830022,-0.3032109529268294,-0.7637675869447652,-0.2775414094733911,-0.7009690020563089,0.7838126589028571,0.3319308949274144,0.37310263708187985,0.40487023557599644,0.041847328547337644,0.5431579891275193,-0.45093255612595223,0.19714153114661853,0.5618218477617164,0.7015893316422178,0.9548688406738979,0.09433174429415343,-0.38993568496291114
PART,0.24412921153909434,-0.07799756614261065,-0.009244399524974382,0.8657250281793596,1.0,-0.7274000686023193,0.5071161710656512,-0.37842441096479373,-0.8818764371292981,0.2887348736432774,-0.6283709114823768,-0.06471573398647815,-0.37884045963378093,0.23994626500817345,0.8355488155234816,-0.8248229552004721,-0.445834840976489,0.3255941282423025,-0.5877836420802511,-0.1989644809996266,-0.2766247492829277,-0.5993127683649173,0.7788699172524577,0.13858842651771158,-0.3713153472469189,0.4053701187164016,0.45220590287879475,-0.609956507420879,-0.518380625058115,0.5715816348522367,-0.8481713106599177,-0.9906861062009573,0.10681278335072149,-0.4912401458424384,0.23854044580931988,-0.445834840976489,0.40109600846019566,0.7242699866633115,0.3517816445321513,0.4317325260652118,-0.1924001033903519,0.4834715409096595,-0.8335493954166429,0.37336148904982497,0.07720120794450683,0.30834814092413837,0.838671098626209,-0.21649277586640514,-0.2396065531767175
CCONJ,0.4260655769392214,-0.11256986051259325,0.16544668584373565,-0.9271581694776094,-0.7274000686023193,1.0,-0.03225971806646865,0.8507956464912808,0.33552517832657447,-0.6387389661561884,0.288162883407349,-0.25901160108439164,0.3819846162309516,-0.08111880646830032,-0.23214876281930255,0.5708009392149197,0.916717282141479,-0.77301645897565,0.1594042663972887,-0.23692051319212723,0.793015342431667,0.824651014009075,-0.6851417675788337,-0.2632903112264337,-0.20389841302739092,-0.8743374918778039,0.09949101486296491,0.9852062296477007,0.9638843067475521,-0.5474571483449729,0.285159257288011,0.6909215736487454,0.18513697759566275,0.5708178514539718,0.4315218781686412,0.916717282141479,-0.7140412178103016,-0.053787445822073406,-0.019501137176618204,-0.042171065515248414,0.19745330304540412,-0.787607254634048,0.2462606676543938,-0.4282790959766279,-0.6003838197161541,-0.6070485128103769,-0.9833017704630245,-0.45076668773153944,0.0821810148920076
NOUN,0.266091489743248,0.5239439567097317,-0.5806381958225049,0.049021850609505056,0.5071161710656512,-0.03225971806646865,1.0,-0.05801688660124167,-0.5572718993984418,-0.674163045731019,0.08354544253771998,-0.8842225893809462,0.5305222494558242,0.8696220830764687,0.7256116821734647,-0.03960046003717362,0.029817425030218427,-0.5954781128457239,-0.9917688076461137,0.1981025487660059,-0.01766207722465234,-0.4268984356993863,-0.11705415086028516,0.635599624435054,-0.0874183621549634,-0.4567836686614666,0.9869718977047717,0.12888940861919795,0.15529275018297814,-0.36964206339107103,-0.8206337995261536,-0.43213691310814645,0.8922820097797016,0.48004229312687857,0.8419489914541848,0.029817425030218427,-0.5793292778667238,0.6949592860755109,-0.2694402461614934,-0.16096588198784859,-0.7493457875668089,0.3603324306144651,-0.8025860122791725,0.714511457515195,-0.7780629674631314,-0.6633312105589648,0.17815603220463996,-0.25458734135506184,0.49405874273683603
SCONJ,0.8052379234543251,-0.5557007261965266,0.5784812636102427,-0.5931090215444977,-0.37842441096479373,0.8507956464912808,-0.05801688660124167,1.0,-0.10026106172913574,-0.3491294084992799,-0.2576570627397844,-2.2349041842529393e-05,-0.08388493492092858,-0.3530532482302698,0.12446749511977577,0.05567910659131665,0.9853896944594457,-0.5700330715257959,0.1721173152258126,-0.7071690132620408,0.9940153030324381,0.9234047333369483,-0.20357460780105696,-0.6276321343176325,-0.6818090863924451,-0.7245264884161909,0.10305347371611348,0.8644448903530818,0.914109611935596,-0.06481743690995764,0.00016672331759193297,0.288035703560802,-0.07851653569766426,0.12821365370082033,0.4898009818946005,0.9853896944594457,-0.402170786816887,0.30988144951807917,0.496660847831939,0.48625635061235,0.5259944827184054,-0.9516114567363376,-0.05695073714337324,-0.6849343605982509,-0.45776125787941974,-0.28271597847335095,-0.784441641869968,-0.8217455082722874,-0.3984715688984669
VERB,-0.6700746512821093,0.3268861808022716,-0.2441307861941739,-0.608590027735619,-0.8818764371292981,0.33552517832657447,-0.5572718993984418,-0.10026106172913574,1.0,-0.08731042866587875,0.7770362202241607,0.11908105070346645,0.40483475966564536,-0.12492886664905678,-0.9736893854071715,0.8327887924132189,-0.027998242932425945,-0.020391226369467476,0.5839676259521713,0.5471457400058394,-0.205560435116574,0.18923735555428242,-0.7022520172386024,0.13078881699495398,0.7305567496489418,-0.03466587578087401,-0.5794924199156116,0.19711605522072664,0.07559131378302444,-0.54081952419471,0.9303918693445661,0.9127561151735616,-0.12428791925987172,0.41923869750143533,-0.5410636708366809,-0.027998242932425945,-0.18338098107256387,-0.9483394410729271,-0.5972641445062727,-0.6816190766658852,-0.017594024613048508,-0.05078908072263429,0.9425317979779435,-0.08959109999699028,0.192884656593864,-0.1413828735443563,-0.49283393192509944,0.6488584163274713,0.41857439748436404
ADP,-0.18299911124468496,-0.5691483545106336,0.5585967705824836,0.7023466826993898,0.2887348736432774,-0.6387389661561884,-0.674163045731019,-0.3491294084992799,-0.08731042866587875,1.0,-0.5630076265903445,0.9075933575344212,-0.8681776820468791,-0.7130941960655317,-0.13489681782988608,-0.6206099998967537,-0.4965240728650916,0.9684213633300124,0.5883371404223361,-0.29537442775592204,-0.31110533880010977,-0.11657790284633877,0.7702508819824435,-0.5096959794631122,-0.12582345504139772,0.8986183950550818,-0.7215856662069838,-0.7214477335013413,-0.6825845551235182,0.8637067327590656,0.21414752271411763,-0.35266313531472177,-0.87410867985117,-0.9264311097730037,-0.7772843286669947,-0.4965240728650916,0.9925423748094409,-0.2108179169562353,0.5178098751101136,0.465014138527376,0.6014187939613158,0.09957131130607393,0.21253250936175663,-0.4018441720289901,0.956103559327598,0.9965476230179273,0.561835189327565,0.19437037495961704,-0.6829040138550204
PROPN,-0.6711174082036105,0.8225524352187216,-0.7690249336745407,-0.6220161361183694,-0.6283709114823768,0.288162883407349,0.08354544253771998,-0.2576570627397844,0.7770362202241607,-0.5630076265903445,1.0,-0.5082724546656991,0.8731603819235408,0.5250193684896014,-0.6250276189107227,0.944804782893676,-0.10686597623364431,-0.405151091997554,-0.057213217901026,0.8573740231848298,-0.3513062012673229,-0.1802554406705975,-0.8917878302036917,0.6808249545900814,0.86123655941043,-0.30522682476533075,0.03220475738333973,0.2422365742571001,0.1138689201967665,-0.9006483705297214,0.4923288532058031,0.7284432242488081,0.5156948988264697,0.8324649617731293,-0.06653841791178786,-0.10686597623364431,-0.6012865822134279,-0.6357202375683892,-0.9481437248607144,-0.9667909419176905,-0.6212375783144821,0.29699006694589286,0.5253895077050252,0.4851146898601159,-0.2991502166628872,-0.6251052411655752,-0.37262012688294804,0.6562094715006528,0.8931678833933167
PRON,-0.04385269214245457,-0.7471636365883793,0.76584476962383,0.36074818379823614,-0.06471573398647815,-0.25901160108439164,-0.8842225893809462,-2.2349041842529393e-05,0.11908105070346645,0.9075933575344212,-0.5082724546656991,1.0,-0.8591019720990761,-0.934275492564021,-0.3402748734380794,-0.4309323941569087,-0.1451318298368858,0.8027232901784207,0.8446925756590857,-0.4593421588826788,0.011659623213548142,0.2910446377955084,0.5648739508497509,-0.7617653872792876,-0.2217557797285276,0.6629718591120328,-0.8763409250333423,-0.3768915154807371,-0.34623640575934056,0.7607674105929623,0.4636999586506692,-0.03182411833240049,-0.9968179296308703,-0.8332242213668971,-0.7720908404718853,-0.1451318298368858,0.8542497470980622,-0.3411479005000784,0.6005501608430226,0.5186956252839642,0.8478619396466124,-0.2855220237074043,0.4422818349226929,-0.7249409405787427,0.8881048278274358,0.9167183260788474,0.16356399269548869,0.044075176353024006,-0.7829603969804335
NUM,-0.328439188461795,0.8725901252365537,-0.8482230064834027,-0.6235615082065583,-0.37884045963378093,0.3819846162309516,0.5305222494558242,-0.08388493492092858,0.40483475966564536,-0.8681776820468791,0.8731603819235408,-0.8591019720990761,1.0,0.8071805593290489,-0.18868686694627637,0.8202719970238135,0.08702238326925088,-0.7302827012982904,-0.48423813140427696,0.7253281850699115,-0.14825612464486604,-0.20118934113462006,-0.8719445602020893,0.7881451367858223,0.5996717697110405,-0.6039661115165993,0.5066535201056973,0.4192419849746877,0.3273056237802174,-0.9741820163238305,0.048939447223622194,0.48638898894265264,0.8560784465619398,0.9766279970106254,0.4177567414384079,0.08702238326925088,-0.8664736600024211,-0.18098288826247286,-0.8739754341213167,-0.8414469060411005,-0.806176408518952,0.267792374833251,0.076713759620224,0.6435009037314345,-0.703490164606253,-0.9063784787682444,-0.3767454061017855,0.3179298202057538,0.9472495051315624
ADJ,-0.21396141909178287,0.8761538808259377,-0.9058154669458439,-0.09187161450045045,0.23994626500817345,-0.08111880646830032,0.8696220830764687,-0.3530532482302698,-0.12492886664905678,-0.7130941960655317,0.5250193684896014,-0.934275492564021,0.8071805593290489,1.0,0.3202699991830202,0.33821032207863344,-0.21675091466573193,-0.5400001455397,-0.8751303756612708,0.6521367642331979,-0.3564586617444689,-0.6103785404649578,-0.4161486855235541,0.925330483124373,0.41328073501578355,-0.3542251257151561,0.8057411628596115,0.030381304817985986,-0.009749734282889014,-0.6558054622482774,-0.4773008923515825,-0.11951215284333301,0.9597095097751454,0.7064780220018724,0.5685331311440618,-0.21675091466573193,-0.6397490737859576,0.2534057766122627,-0.7053124633558292,-0.62135896002886,-0.9745481143027166,0.608390418311958,-0.43757440562709204,0.9227506803740974,-0.6701917426381082,-0.7426291934525846,0.1538711873790115,0.2207335232660065,0.848466347239261
advmod:emph,0.6662919548464636,-0.15473914696984892,0.07307739799588202,0.47430793285783474,0.8355488155234816,-0.23214876281930255,0.7256116821734647,0.12446749511977577,-0.9736893854071715,-0.13489681782988608,-0.6250276189107227,-0.3402748734380794,-0.18868686694627637,0.3202699991830202,1.0,-0.6859037913761797,0.0889198414916967,-0.18073366028275403,-0.738384002677248,-0.43268786421059086,0.22098206918666385,-0.21731585718949334,0.5277916502816444,0.031469585159358056,-0.6591384365312847,-0.14002659948887106,0.7495912735155726,-0.07427797804852863,0.03488359297694023,0.33496755397366557,-0.9835551423181407,-0.8453817061349489,0.34211738637426975,-0.20184231512636935,0.7011199989806209,0.0889198414916967,-0.0336750009729044,0.9818164667379533,0.441508082255637,0.5394467831612411,-0.16093274504897734,0.08458131203586343,-0.9918338899321333,0.22930629824554707,-0.3980784379875273,-0.08397305265678907,0.4043135344976518,-0.6468168986927508,-0.22839848608166474
obl:arg,-0.4688652320152397,0.619412607025884,-0.5506857977244978,-0.8367621223299374,-0.8248229552004721,0.5708009392149197,-0.03960046003717362,0.05567910659131665,0.8327887924132189,-0.6206099998967537,0.944804782893676,-0.4309323941569087,0.8202719970238135,0.33821032207863344,-0.6859037913761797,1.0,0.19770526323442567,-0.535507675590421,0.10204997846730979,0.6426814215674179,-0.04751351713834916,0.15134013722933573,-0.9749941907390623,0.4379127126324751,0.6854629780697961,-0.4958498153691179,-0.040422159653917704,0.5102065868441236,0.3901689816961842,-0.9130798606270878,0.5981691236285254,0.8917675051629407,0.41291638801226976,0.8506401717229202,-0.004742984084423553,0.19770526323442567,-0.6872275913290435,-0.635047947785652,-0.7955229955501403,-0.8298055672632484,-0.39610262079840003,-0.032233936440478755,0.612392239649303,0.2086794863782107,-0.3705973927203935,-0.6650668613293754,-0.6529779605173501,0.44697266854638845,0.7454503973300748
aux,0.747108456439925,-0.4066508888824627,0.4338629663630025,-0.7009690020563089,-0.445834840976489,0.916717282141479,0.029817425030218427,0.9853896944594457,-0.027998242932425945,-0.4965240728650916,-0.10686597623364431,-0.1451318298368858,0.08702238326925088,-0.21675091466573193,0.0889198414916967,0.19770526323442567,1.0,-0.6938133530222363,0.09221894741601333,-0.5822541682975108,0.9681127364952117,0.8899868510913486,-0.3538709591373054,-0.49360696781680535,-0.5775096236643072,-0.8269542671780898,0.18675747654339545,0.9361696947524024,0.9698108334410399,-0.2318457769513163,0.011875863154953765,0.37378293046144573,0.06606396621540848,0.29520781177488054,0.5585737276600734,1.0,-0.549628078061071,0.2757264753693864,0.3463848328622772,0.341181663838967,0.38933343160640577,-0.9064003827070779,-0.04048980715543814,-0.5762223235913088,-0.5762223235913088,-0.4367831907826205,-0.8500555796194108,-0.7654739520035533,-0.2364410714306517
flat,-0.3905590602815015,-0.3468981427646598,0.3342147170500523,0.7538113087894414,0.3255941282423025,-0.77301645897565,-0.5954781128457239,-0.5700330715257959,-0.020391226369467476,0.9684213633300124,-0.405151091997554,0.8027232901784207,-0.7302827012982904,-0.5400001455397,-0.18073366028275403,-0.535507675590421,-0.6938133530222363,1.0,0.4911065077841634,-0.05982642593640844,-0.5382080619094437,-0.3365831834362367,0.7096264756699632,-0.28185278455847196,0.08845736457546206,0.978211940383323,-0.6797201142106174,-0.8535958134733687,-0.8359720992881067,0.7608063145840183,0.21683774854289103,-0.3574754885323493,-0.7530124722896997,-0.8361916489542494,-0.8279849077926604,-0.6938133530222363,0.9726984329066619,-0.2949377340114212,0.30878896793165267,0.2624368297108522,0.39244144853640817,0.33314825943477916,0.2306125646245399,-0.17873121228993613,0.9665055518203733,0.9464947942055694,0.6832909772711728,0.4042099404648207,-0.48507691025279076
nsubj,-0.1981274563619934,-0.5420030591523028,0.6041942279469809,-0.16217272980316666,-0.5877836420802511,0.1594042663972887,-0.9917688076461137,0.1721173152258126,0.5839676259521713,0.5883371404223361,-0.057213217901026,0.8446925756590857,-0.48423813140427696,-0.8751303756612708,-0.738384002677248,0.10204997846730979,0.09221894741601333,0.4911065077841634,1.0,-0.2373217502853262,0.12590715984571127,0.531606105033517,0.036815527574539084,-0.6701391215549164,0.0486238999609007,0.3397322940818644,-0.9609819941207025,-0.0009286398556903044,-0.02815434107581035,0.30416692834436626,0.8407504418282705,0.5077697157456288,-0.8624300047772221,-0.40914992228789054,-0.7731074437833863,0.09221894741601333,0.4853872128995129,-0.6846076721914282,0.27519351573137885,0.1654459467702842,0.7729577226663745,-0.46255104596074476,0.8174257534377575,-0.7671655476886777,0.6925385986079493,0.5825928777395634,-0.3000725551899832,0.18372564837838376,-0.48785813980976905
root,-0.8671408180556492,0.9321604711803962,-0.911789751563773,-0.1331604786029573,-0.1989644809996266,-0.23692051319212723,0.1981025487660059,-0.7071690132620408,0.5471457400058394,-0.29537442775592204,0.8573740231848298,-0.4593421588826788,0.7253281850699115,0.6521367642331979,-0.43268786421059086,0.6426814215674179,-0.5822541682975108,-0.05982642593640844,-0.2373217502853262,1.0,-0.7666828618392788,-0.652219787813672,-0.5453378826450053,0.8800559607467876,0.9587173461683355,0.10648372405453047,0.0767618557897692,-0.25935381118926487,-0.373959414777598,-0.6507322160218783,0.2630953791192538,0.3253585984235517,0.5060975568906885,0.581180912125771,-0.2093722257628997,-0.5822541682975108,-0.2850728971580895,-0.5394425340189895,-0.9639023413604948,-0.9601078580311595,-0.7972597011729847,0.7430673063157155,0.31820375343997476,0.7782360621004344,-0.061801149398686875,-0.37292282070326,0.15804894389854388,0.8662531001702648,0.8982018822576353
advcl,0.8641336973533575,-0.6007029979791626,0.6144595430719646,-0.5071661836210429,-0.2766247492829277,0.793015342431667,-0.01766207722465234,0.9940153030324381,-0.205560435116574,-0.31110533880010977,-0.3513062012673229,0.011659623213548142,-0.14825612464486604,-0.3564586617444689,0.22098206918666385,-0.04751351713834916,0.9681127364952117,-0.5382080619094437,0.12590715984571127,-0.7666828618392788,1.0,0.8941022503830327,-0.10890126465220826,-0.6502108673859638,-0.7560349687625915,-0.6919665957698129,0.14330726832071708,0.8187307051768515,0.8816724373207322,0.014598871538712293,-0.09064902438338016,0.18198624370676242,-0.08821133513579867,0.059292360818233025,0.5218342251435297,0.9681127364952117,-0.3540027390055693,0.4004334605108031,0.5687643019813144,0.5657840485071657,0.5399886354678667,-0.9369154665399905,-0.14866049331750342,-0.6813942963195445,-0.44918119362524533,-0.2396498884007619,-0.7128577689414722,-0.8780221745898017,-0.45711648535570765
mark,0.5828456360350951,-0.6393902890544118,0.6868402726021842,-0.6227794525401225,-0.5993127683649173,0.824651014009075,-0.4268984356993863,0.9234047333369483,0.18923735555428242,-0.11657790284633877,-0.1802554406705975,0.2910446377955084,-0.20118934113462006,-0.6103785404649578,-0.21731585718949334,0.15134013722933573,0.8899868510913486,-0.3365831834362367,0.531606105033517,-0.652219787813672,0.8941022503830327,1.0,-0.22365400103709865,-0.7611198018070928,-0.5197136618801098,-0.5232448151674302,-0.277645890732897,0.7717876568280573,0.796126007463244,-7.44664532799686e-07,0.35680443617962,0.49618558392878964,-0.36605150737527925,0.010451214476682603,0.12623566612583856,0.8899868510913486,-0.20515579959349603,-0.03520061874016113,0.4766350324975293,0.4240402292538997,0.7158201047228019,-0.9902533076223479,0.30009798094814805,-0.8617025063157846,-0.1537605109380482,-0.06488007727141643,-0.8264423233569443,-0.6038241020303752,-0.47632538020783244
det,0.28418436731502567,-0.6004824618427267,0.5393554221697605,0.9001049172774648,0.7788699172524577,-0.6851417675788337,-0.11705415086028516,-0.20357460780105696,-0.7022520172386024,0.7702508819824435,-0.8917878302036917,0.5648739508497509,-0.8719445602020893,-0.4161486855235541,0.5277916502816444,-0.9749941907390623,-0.3538709591373054,0.7096264756699632,0.036815527574539084,-0.5453378826450053,-0.10890126465220826,-0.22365400103709865,1.0,-0.43090809278163844,-0.5439292121660686,0.6727573716355746,-0.13971461570104476,-0.6549301693102476,-0.5504201493173682,0.9593439163887457,-0.44660980293201047,-0.8419711877789423,-0.5361925354587413,-0.9268829039382823,-0.21200390814303047,-0.3538709591373054,0.8278519371313332,0.4539003777492638,0.7392244144812852,0.7563479699440355,0.4251437888272004,0.12325720784076659,-0.4543379432059301,-0.21183469838763114,0.5614638755548896,0.8011493372325224,0.7304808341654445,-0.2621616498242102,-0.7431464980173573
csubj,-0.5669271993166423,0.9764865012849057,-0.9915572283018687,-0.018093749920074335,0.13858842651771158,-0.2632903112264337,0.635599624435054,-0.6276321343176325,0.13078881699495398,-0.5096959794631122,0.6808249545900814,-0.7617653872792876,0.7881451367858223,0.925330483124373,0.031469585159358056,0.4379127126324751,-0.49360696781680535,-0.28185278455847196,-0.6701391215549164,0.8800559607467876,-0.6502108673859638,-0.7611198018070928,-0.43090809278163844,1.0,0.7087723116919105,-0.08055791190974236,0.5273605872391014,-0.2020482698044331,-0.2761059264969514,-0.6425219554332483,-0.21111298130248057,-0.0029001626617082416,0.8064488165211069,0.6406042792953752,0.21573230436012927,-0.49360696781680535,-0.45121303309940747,-0.0770827441954209,-0.8698073072335962,-0.8132159810980822,-0.9867204462125165,0.7965497065261592,-0.15749063762602314,0.9704530638506542,-0.3825252178362247,-0.566213421459616,0.27171700069833893,0.5733975385289927,0.9232258649734035
xcomp,-0.9515153259273172,0.7987397754780557,-0.7599718272493929,-0.1773791863778164,-0.3713153472469189,-0.20389841302739092,-0.0874183621549634,-0.6818090863924451,0.7305567496489418,-0.12582345504139772,0.86123655941043,-0.2217557797285276,0.5996717697110405,0.41328073501578355,-0.6591384365312847,0.6854629780697961,-0.5775096236643072,0.08845736457546206,0.0486238999609007,0.9587173461683355,-0.7560349687625915,-0.5197136618801098,-0.5439292121660686,0.7087723116919105,1.0,0.2155253408274367,-0.20393360946868266,-0.2738668373974734,-0.39935035644181527,-0.5746996469076332,0.514679874238527,0.47786280176823676,0.2651002119381093,0.472317984245291,-0.44502077710911186,-0.5775096236643072,-0.14489679597350164,-0.7542810698779316,-0.9086351307593902,-0.9367756098229311,-0.5931119920014832,0.6329647316954216,0.5646991425730662,0.577002736063054,0.14425251182050453,-0.20735587203616007,0.08152663876428076,0.9465619892684947,0.7783150203366503
obl,-0.5009814384239443,-0.1614678800553102,0.1415404372486844,0.804590220325575,0.4053701187164016,-0.8743374918778039,-0.4567836686614666,-0.7245264884161909,-0.03466587578087401,0.8986183950550818,-0.30522682476533075,0.6629718591120328,-0.6039661115165993,-0.3542251257151561,-0.14002659948887106,-0.4958498153691179,-0.8269542671780898,0.978211940383323,0.3397322940818644,0.10648372405453047,-0.6919665957698129,-0.5232448151674302,0.6727573716355746,-0.08055791190974236,0.2155253408274367,1.0,-0.5669177061031099,-0.9388971159928227,-0.9316141943186385,0.6730782566319023,0.14023776335015525,-0.41024282982985993,-0.6013907506328863,-0.7466983425461813,-0.7903744220631768,-0.8269542671780898,0.9198232865082254,-0.28334678681010533,0.1564510666291649,0.12416333923784598,0.19356945893408684,0.5215808933272518,0.1657097675381472,0.029370240550231137,0.9125565417419809,0.8658081744153849,0.7895730430779383,0.5174595272951014,-0.32043761163123263
nmod,0.39964241927046706,0.42595790699987907,-0.4794305498909999,-0.038557681121500306,0.45220590287879475,0.09949101486296491,0.9869718977047717,0.10305347371611348,-0.5794924199156116,-0.7215856662069838,0.03220475738333973,-0.8763409250333423,0.5066535201056973,0.8057411628596115,0.7495912735155726,-0.040422159653917704,0.18675747654339545,-0.6797201142106174,-0.9609819941207025,0.0767618557897692,0.14330726832071708,-0.277645890732897,-0.13971461570104476,0.5273605872391014,-0.20393360946868266,-0.5669177061031099,1.0,0.2627928379700292,0.29830097309303255,-0.36950033263877513,-0.8232383621131178,-0.39278618410642885,0.8718718397122627,0.4903063281061506,0.9176272821000698,0.18675747654339545,-0.6350331419284372,0.748480290128407,-0.1802602415290327,-0.07356366597519462,-0.6574650674745662,0.2056105216719912,-0.8146238033247105,0.5989891888332994,-0.8450881361227943,-0.6996361794660324,0.05734107655714833,-0.3906308932219478,0.4203127989746384
cc,0.5158569781766169,-0.07747706594251268,0.11802314795323593,-0.8881480151789608,-0.609956507420879,0.9852062296477007,0.12888940861919795,0.8644448903530818,0.19711605522072664,-0.7214477335013413,0.2422365742571001,-0.3768915154807371,0.4192419849746877,0.030381304817985986,-0.07427797804852863,0.5102065868441236,0.9361696947524024,-0.8535958134733687,-0.0009286398556903044,-0.25935381118926487,0.8187307051768515,0.7717876568280573,-0.6549301693102476,-0.2020482698044331,-0.2738668373974734,-0.9388971159928227,0.2627928379700292,1.0,0.9908939019679441,-0.5576068761547908,0.12017555912487934,0.5794251742563501,0.30326674237153267,0.6038113110468049,0.5796452835958785,0.9361696947524024,-0.7792055792863106,0.10116450969079077,-0.005488120708362104,-0.009114625174910412,0.11298300115236437,-0.7527929971824804,0.08189229970360101,-0.34310218842566054,-0.7165182721362704,-0.6838127141639226,-0.9387924494881491,-0.5379231356545872,0.10955663310313454
nsubj:pass,0.6264575235822744,-0.17234416637927263,0.2043931574316356,-0.8189629053114837,-0.518380625058115,0.9638843067475521,0.15529275018297814,0.914109611935596,0.07559131378302444,-0.6825845551235182,0.1138689201967665,-0.34623640575934056,0.3273056237802174,-0.009749734282889014,0.03488359297694023,0.3901689816961842,0.9698108334410399,-0.8359720992881067,-0.02815434107581035,-0.373959414777598,0.8816724373207322,0.796126007463244,-0.5504201493173682,-0.2761059264969514,-0.39935035644181527,-0.9316141943186385,0.29830097309303255,0.9908939019679441,1.0,-0.45892567460115435,0.026592368597889816,0.476296996227485,0.2704665260199803,0.519188122350909,0.6295764915298657,0.9698108334410399,-0.7329053947910864,0.21408270169244456,0.11383605918245002,0.11650219730578817,0.17320685799422286,-0.7949877462067494,-0.016288427256611743,-0.39048250012368557,-0.7171066878661231,-0.635397017882122,-0.8999431951460062,-0.6465161546069806,0.007639928416042938
discourse,0.2963282030254803,-0.7678514371319278,0.7264469537004085,0.777703253972364,0.5715816348522367,-0.5474571483449729,-0.36964206339107103,-0.06481743690995764,-0.54081952419471,0.8637067327590656,-0.9006483705297214,0.7607674105929623,-0.9741820163238305,-0.6558054622482774,0.33496755397366557,-0.9130798606270878,-0.2318457769513163,0.7608063145840183,0.30416692834436626,-0.6507322160218783,0.014598871538712293,-7.44664532799686e-07,0.9593439163887457,-0.6425219554332483,-0.5746996469076332,0.6730782566319023,-0.36950033263877513,-0.5576068761547908,-0.45892567460115435,1.0,-0.2194011528181064,-0.6609472457915996,-0.7444577776942393,-0.9895430422682021,-0.35760799846928126,-0.2318457769513163,0.8886919134787007,0.2934951866275656,0.8293547353207853,0.8172136790435197,0.6539704118481976,-0.08220202492999444,-0.2378542339635237,-0.4600978410941405,0.6783451199334372,0.8980523506246839,0.5616053419482575,-0.2801198171630578,-0.8783063118814699
csubj:pass,-0.5441051372647682,-0.023535720113539785,0.10648095728347381,-0.470551020494914,-0.8481713106599177,0.285159257288011,-0.8206337995261536,0.00016672331759193297,0.9303918693445661,0.21414752271411763,0.4923288532058031,0.4636999586506692,0.048939447223622194,-0.4773008923515825,-0.9835551423181407,0.5981691236285254,0.011875863154953765,0.21683774854289103,0.8407504418282705,0.2630953791192538,-0.09064902438338016,0.35680443617962,-0.44660980293201047,-0.21111298130248057,0.514679874238527,0.14023776335015525,-0.8232383621131178,0.12017555912487934,0.026592368597889816,-0.2194011528181064,1.0,0.8332693476897101,-0.4743109380906209,0.09020474965586721,-0.7167177568367944,0.011875863154953765,0.10416215969433879,-0.9444236262791321,-0.27661853787276225,-0.3824296186258464,0.33421007876703007,-0.2331970385903413,0.9980982293258082,-0.40079803115402796,0.44871855845139075,0.17488913919680496,-0.4543397718275878,0.5236677884242057,0.060092723973159796
acl,-0.3326239784048517,0.2126559391408532,-0.12644929045765985,-0.8712150588830022,-0.9906861062009573,0.6909215736487454,-0.43213691310814645,0.288035703560802,0.9127561151735616,-0.35266313531472177,0.7284432242488081,-0.03182411833240049,0.48638898894265264,-0.11951215284333301,-0.8453817061349489,0.8917675051629407,0.37378293046144573,-0.3574754885323493,0.5077697157456288,0.3253585984235517,0.18198624370676242,0.49618558392878964,-0.8419711877789423,-0.0029001626617082416,0.47786280176823676,-0.41024282982985993,-0.39278618410642885,0.5794251742563501,0.476296996227485,-0.6609472457915996,0.8332693476897101,1.0,-0.003940467713566897,0.5782311572121663,-0.22193171631911707,0.37378293046144573,-0.4583245182280738,-0.7492746598103149,-0.47578591865071507,-0.5494767065279057,0.06075365784447429,-0.3737201829887014,0.8261841066921825,-0.2439184762379737,-0.12015526074207358,-0.38081634866692277,-0.8037311669343801,0.305676455609167,0.3673227292069018
amod,-0.011471706361559168,0.7834635887939146,-0.805016832917347,-0.3032109529268294,0.10681278335072149,0.18513697759566275,0.8922820097797016,-0.07851653569766426,-0.12428791925987172,-0.87410867985117,0.5156948988264697,-0.9968179296308703,0.8560784465619398,0.9597095097751454,0.34211738637426975,0.41291638801226976,0.06606396621540848,-0.7530124722896997,-0.8624300047772221,0.5060975568906885,-0.08821133513579867,-0.36605150737527925,-0.5361925354587413,0.8064488165211069,0.2651002119381093,-0.6013907506328863,0.8718718397122627,0.30326674237153267,0.2704665260199803,-0.7444577776942393,-0.4743109380906209,-0.003940467713566897,1.0,0.8131755095580998,0.7366848920129937,0.06606396621540848,-0.8154579592596356,0.32781790270645284,-0.6291089879559487,-0.5456540723387329,-0.8855685034085466,0.36090007303507615,-0.4485986428288073,0.7774216396596357,-0.8498971643612327,-0.8877516325939067,-0.09328288324766702,0.01286227273323153,0.805256898526709
nummod,-0.17829143098318243,0.7474155073263553,-0.7149674270394781,-0.7637675869447652,-0.4912401458424384,0.5708178514539718,0.48004229312687857,0.12821365370082033,0.41923869750143533,-0.9264311097730037,0.8324649617731293,-0.8332242213668971,0.9766279970106254,0.7064780220018724,-0.20184231512636935,0.8506401717229202,0.29520781177488054,-0.8361916489542494,-0.40914992228789054,0.581180912125771,0.059292360818233025,0.010451214476682603,-0.9268829039382823,0.6406042792953752,0.472317984245291,-0.7466983425461813,0.4903063281061506,0.6038113110468049,0.519188122350909,-0.9895430422682021,0.09020474965586721,0.5782311572121663,0.8131755095580998,1.0,0.4883003586634391,0.29520781177488054,-0.9405316532756577,-0.15336390377239595,-0.7737621194479128,-0.7480854425553999,-0.6748668222559647,0.05481940003862926,0.10560950255865845,0.47706120349489783,-0.7762174554695883,-0.9519292382452634,-0.5586272289760565,0.16352187429492904,0.8582274069152874
conj,0.6677113225247917,0.15705539799798038,-0.19427122740788988,-0.2775414094733911,0.23854044580931988,0.4315218781686412,0.8419489914541848,0.4898009818946005,-0.5410636708366809,-0.7772843286669947,-0.06653841791178786,-0.7720908404718853,0.4177567414384079,0.5685331311440618,0.7011199989806209,-0.004742984084423553,0.5585737276600734,-0.8279849077926604,-0.7731074437833863,-0.2093722257628997,0.5218342251435297,0.12623566612583856,-0.21200390814303047,0.21573230436012927,-0.44502077710911186,-0.7903744220631768,0.9176272821000698,0.5796452835958785,0.6295764915298657,-0.35760799846928126,-0.7167177568367944,-0.22193171631911707,0.7366848920129937,0.4883003586634391,1.0,0.5585737276600734,-0.7231173470534673,0.7745512117291918,0.03333638983431548,0.12245187510568047,-0.3700101932963842,-0.1996428897211182,-0.7318312062191578,0.2537330500604306,-0.9267965578904145,-0.731918460067276,-0.2682272975079343,-0.6665812810901223,0.21590417684596247
appos,0.747108456439925,-0.4066508888824627,0.4338629663630025,-0.7009690020563089,-0.445834840976489,0.916717282141479,0.029817425030218427,0.9853896944594457,-0.027998242932425945,-0.4965240728650916,-0.10686597623364431,-0.1451318298368858,0.08702238326925088,-0.21675091466573193,0.0889198414916967,0.19770526323442567,1.0,-0.6938133530222363,0.09221894741601333,-0.5822541682975108,0.9681127364952117,0.8899868510913486,-0.3538709591373054,-0.49360696781680535,-0.5775096236643072,-0.8269542671780898,0.18675747654339545,0.9361696947524024,0.9698108334410399,-0.2318457769513163,0.011875863154953765,0.37378293046144573,0.06606396621540848,0.29520781177488054,0.5585737276600734,1.0,-0.549628078061071,0.2757264753693864,0.3463848328622772,0.341181663838967,0.38933343160640577,-0.9064003827070779,-0.04048980715543814,-0.5762223235913088,-0.5762223235913088,-0.4367831907826205,-0.8500555796194108,-0.7654739520035533,-0.2364410714306517
case,-0.16648040911398115,-0.5348919904574881,0.5140696615124801,0.7838126589028571,0.40109600846019566,-0.7140412178103016,-0.5793292778667238,-0.402170786816887,-0.18338098107256387,0.9925423748094409,-0.6012865822134279,0.8542497470980622,-0.8664736600024211,-0.6397490737859576,-0.0336750009729044,-0.6872275913290435,-0.549628078061071,0.9726984329066619,0.4853872128995129,-0.2850728971580895,-0.3540027390055693,-0.20515579959349603,0.8278519371313332,-0.45121303309940747,-0.14489679597350164,0.9198232865082254,-0.6350331419284372,-0.7792055792863106,-0.7329053947910864,0.8886919134787007,0.10416215969433879,-0.4583245182280738,-0.8154579592596356,-0.9405316532756577,-0.7231173470534673,-0.549628078061071,1.0,-0.12367401221987061,0.5197161608480967,0.47920694850975176,0.5347004068180212,0.17620588029089496,0.10584630007260615,-0.31983531697169304,0.9289924052474463,0.9898042671260396,0.6522758749505743,0.18094556819683155,-0.6659584994664823
xcomp:pred,0.7892669435050043,-0.24086880387749135,0.16715266182962912,0.3319308949274144,0.7242699866633115,-0.053787445822073406,0.6949592860755109,0.30988144951807917,-0.9483394410729271,-0.2108179169562353,-0.6357202375683892,-0.3411479005000784,-0.18098288826247286,0.2534057766122627,0.9818164667379533,-0.635047947785652,0.2757264753693864,-0.2949377340114212,-0.6846076721914282,-0.5394425340189895,0.4004334605108031,-0.03520061874016113,0.4539003777492638,-0.0770827441954209,-0.7542810698779316,-0.28334678681010533,0.748480290128407,0.10116450969079077,0.21408270169244456,0.2934951866275656,-0.9444236262791321,-0.7492746598103149,0.32781790270645284,-0.15336390377239595,0.7745512117291918,0.2757264753693864,-0.12367401221987061,1.0,0.5051351204116447,0.5978011507680594,-0.06711369407474307,-0.09667683760020303,-0.962869535291207,0.0996928202330724,-0.48186415533357,-0.14977727197498478,0.2320509598116322,-0.7738863520947135,-0.2803021135907592
aux:pass,0.7441442612121654,-0.9531785729319103,0.9231783217589405,0.37310263708187985,0.3517816445321513,-0.019501137176618204,-0.2694402461614934,0.496660847831939,-0.5972641445062727,0.5178098751101136,-0.9481437248607144,0.6005501608430226,-0.8739754341213167,-0.7053124633558292,0.441508082255637,-0.7955229955501403,0.3463848328622772,0.30878896793165267,0.27519351573137885,-0.9639023413604948,0.5687643019813144,0.4766350324975293,0.7392244144812852,-0.8698073072335962,-0.9086351307593902,0.1564510666291649,-0.1802602415290327,-0.005488120708362104,0.11383605918245002,0.8293547353207853,-0.27661853787276225,-0.47578591865071507,-0.6291089879559487,-0.7737621194479128,0.03333638983431548,0.3463848328622772,0.5197161608480967,0.5051351204116447,1.0,0.9936631773504655,0.8121948220946451,-0.572942068540117,-0.3235364737893836,-0.729927548001126,0.27984502639754966,0.5870423361045654,0.08349479338252545,-0.7376842527416969,-0.9674515422068973
advmod:neg,0.7846409190415622,-0.9141586849706621,0.8759716307762447,0.40487023557599644,0.4317325260652118,-0.042171065515248414,-0.16096588198784859,0.48625635061235,-0.6816190766658852,0.465014138527376,-0.9667909419176905,0.5186956252839642,-0.8414469060411005,-0.62135896002886,0.5394467831612411,-0.8298055672632484,0.341181663838967,0.2624368297108522,0.1654459467702842,-0.9601078580311595,0.5657840485071657,0.4240402292538997,0.7563479699440355,-0.8132159810980822,-0.9367756098229311,0.12416333923784598,-0.07356366597519462,-0.009114625174910412,0.11650219730578817,0.8172136790435197,-0.3824296186258464,-0.5494767065279057,-0.5456540723387329,-0.7480854425553999,0.12245187510568047,0.341181663838967,0.47920694850975176,0.5978011507680594,0.9936631773504655,1.0,0.7424226909678932,-0.530969396595702,-0.42769496142999397,-0.6578828207322078,0.20871603005592593,0.5365687857723876,0.12408619698088541,-0.7762520843675171,-0.9357988726064221
cop,0.42578666460477294,-0.95010017442208,0.9723359587035438,0.041847328547337644,-0.1924001033903519,0.19745330304540412,-0.7493457875668089,0.5259944827184054,-0.017594024613048508,0.6014187939613158,-0.6212375783144821,0.8478619396466124,-0.806176408518952,-0.9745481143027166,-0.16093274504897734,-0.39610262079840003,0.38933343160640577,0.39244144853640817,0.7729577226663745,-0.7972597011729847,0.5399886354678667,0.7158201047228019,0.4251437888272004,-0.9867204462125165,-0.5931119920014832,0.19356945893408684,-0.6574650674745662,0.11298300115236437,0.17320685799422286,0.6539704118481976,0.33421007876703007,0.06075365784447429,-0.8855685034085466,-0.6748668222559647,-0.3700101932963842,0.38933343160640577,0.5347004068180212,-0.06711369407474307,0.8121948220946451,0.7424226909678932,1.0,-0.7350787350696234,0.28540100021185666,-0.9700905109478704,0.5094305663795444,0.6473616052732415,-0.23408179769875478,-0.43273665495814817,-0.9052824231781926
