,len,PUNCT,AUX,ADV,PART,CCONJ,NOUN,SCONJ,VERB,ADP,PROPN,PRON,NUM,ADJ,advmod:emph,obl:arg,aux,flat,nsubj,root,advcl,mark,det,advcl:pred,csubj,xcomp,obl,nmod,advcl:cmpr,cc,nsubj:pass,discourse,csubj:pass,acl,expl:pass,amod,nummod,conj,appos,case,xcomp:pred,aux:pass,advmod:neg,cop,obj,ccomp,fixed,acl:relcl,advmod,orphan,punct
len,1.0,-0.9547148605737577,0.8643017934128713,0.06123186495812775,0.39492806797848123,-0.12490459388059898,-0.03219903162258403,0.5676839410255625,-0.050916939895742454,-0.21717851320510953,-0.9444406518858807,0.18085998985252433,-0.24289339640427962,-0.44669612406733533,-0.49308831920214563,0.37234961614879003,-0.6930389463379316,0.37303406641746617,-0.8117597142613865,-0.9712991608234646,0.29943123467649047,0.3251878629893627,0.24968289444389707,-0.024646291017050362,0.9910836517879618,-0.34822291939969324,0.44916582358160706,-0.09654855547014163,-0.40443094676706703,-0.0037287549404190954,0.011082020677913524,-0.726058290927665,0.4539863991458606,-0.5544231205385172,-0.404430946767067,0.2903346640665011,-0.38658315073547905,0.3633341927505272,-0.6930389463379316,-0.19530482924196,0.41858044991640503,0.7714176934378726,-0.17124950819528084,0.4621663929196827,-0.5171362862766478,-0.39764612588512055,0.3398738942314788,-0.3353655222848805,0.4102100021091113,0.9437462892723751,-0.9639893967734681
PUNCT,-0.9547148605737577,1.0,-0.9131977508273523,0.2329495462401043,-0.11717424526560458,0.4105973803007916,-0.16841009533857537,-0.7785283650831856,0.29975389862436996,-0.07278274898918369,0.8039166773187935,-0.1754514426878461,-0.014829172305173203,0.16031485098156573,0.5850229517132463,-0.3658858145396189,0.773427922013758,-0.41867348583227104,0.922765878624343,0.9676442752740567,-0.4106446593508008,-0.5841891785791666,-0.2903976016818629,0.28156790618399735,-0.9828548278237188,0.5996016786121978,-0.6601459039849843,-0.13865505120909116,0.3390927158039045,0.300990270541603,-0.2948568205239908,0.5529696610028537,-0.17298883918826713,0.6559014338406634,0.3390927158039045,-0.47405899793904704,0.13100368931277928,-0.07259888875701626,0.773427922013758,-0.06798222031191695,-0.6652062835833431,-0.9138048952153319,0.3357142136914604,-0.1960106342829879,0.6850170929967954,0.36845192640557106,-0.5818301066126526,0.09337418308565903,-0.1263011677481316,-0.9639528736885509,0.9892726866400661
AUX,0.8643017934128713,-0.9131977508273523,1.0,-0.1587359271204866,0.19873335608920167,-0.462618515263538,-0.13165434212903845,0.8127570098793621,-0.5108655131058719,0.1956584165462333,-0.7154649448977838,0.5590862526995783,-0.1692724113939574,-0.11536336953868617,-0.22231745491911875,0.7093768515449722,-0.4599089610997404,0.017045562547150332,-0.7236148047060164,-0.8001086550060066,0.7314601888461213,0.46435979263302624,0.6549105322798814,-0.07570700321230035,0.9136940312708731,-0.6761728783571705,0.797305644318406,-0.10746794474672806,-0.6691673573233937,-0.3090253951139927,0.4122245708484485,-0.28441864118315174,0.20098935413604857,-0.895998078002975,-0.6691673573233938,0.16557571610409524,-0.2838520274944335,-0.013494465671168483,-0.4599089610997404,0.2795135685247337,0.5578781153496644,0.9337712484659493,0.0049740285762942165,0.28863887236210256,-0.8669914991676355,-0.7054355280492788,0.6998626993259653,-0.28943419632572,0.013054513073328703,0.9816458152648722,-0.8486506941065209
ADV,0.06123186495812775,0.2329495462401043,-0.1587359271204866,1.0,0.93441167392133,0.9208150080361651,-0.8002117455127601,-0.7029432257486273,0.721085306280992,-0.8859812548971003,-0.37794231284522045,0.19090218599988207,-0.9238110326751706,-0.9006895916188545,0.4959740336486171,0.16678723089403694,0.4437572006723886,-0.3566736624742475,0.49578054365273366,0.1108539524555076,-0.22773632932088742,-0.9232231712143179,0.027049958522949592,0.9434999150568488,-0.05022058417206813,0.8063945434597557,-0.6494235314475073,-0.8856264803569636,-0.352668529810021,0.9741966953952075,-0.8785085286801703,-0.4098024439238117,0.9171189546111419,0.24532804688461313,-0.35266852981002095,-0.763166411465625,-0.8955273553679828,0.8993265041659299,0.4437572006723886,-0.7573362280534538,-0.8808123965009035,-0.4936663565085707,0.7096679684127642,0.8984635230667329,0.4895373639996606,-0.23734438726022491,-0.755434895759549,-0.8735513402044689,0.8619322574437186,-0.10059142347087699,0.19299978452836108
PART,0.39492806797848123,-0.11717424526560458,0.19873335608920167,0.93441167392133,1.0,0.7605415344243716,-0.8087771401594359,-0.4094411465141332,0.5651560238478958,-0.8347761776947763,-0.6574497648228981,0.34337557262121976,-0.9635962665205964,-0.953550468952313,0.36305453744554916,0.3806817807107488,0.2296810291942748,-0.29365236829260105,0.20071745279697686,-0.20952311250290795,-0.003948755645442962,-0.737442501263557,0.21715571318706653,0.8894091897654203,0.2982631086880915,0.5700603624585268,-0.37633206621661175,-0.8933744166824238,-0.5543422444413583,0.8647019140806785,-0.7462029328843608,-0.5557283136957446,0.9912258619444214,-0.051060001340403116,-0.5543422444413582,-0.6601926859838866,-0.9821935986485358,0.9103731463385762,0.2296810291942748,-0.6873664798650008,-0.6620077605942883,-0.1524092916720053,0.6650367202140447,0.9956312615743967,0.19646366441550792,-0.4510013677265205,-0.5161169518261379,-0.9559451223792157,0.8866002814258129,0.26030858118275874,-0.14114722241796956
CCONJ,-0.12490459388059898,0.4105973803007916,-0.462618515263538,0.9208150080361651,0.7605415344243716,1.0,-0.5330084165042158,-0.883557404851865,0.9181338295519357,-0.9359749029210382,-0.20519169379163357,-0.18868734211922608,-0.7013944536145682,-0.8225691530495773,0.313101418226158,-0.2287321757690293,0.3562639204416878,-0.1081972270053959,0.5387209838796303,0.22287093619355394,-0.584834959658126,-0.9066585281038542,-0.3543940403902774,0.7730293745837084,-0.2525279921544689,0.9657416639101127,-0.8877050735870672,-0.6481914727043189,0.039495437213602276,0.9833366698534052,-0.9840910584800466,-0.45070028511109805,0.7739585569558196,0.6000285228502794,0.03949543721360232,-0.5739274236922526,-0.6621228571476672,0.8788538038279707,0.3562639204416878,-0.8896781059935245,-0.8997121070132191,-0.7155585550440315,0.46100041982930806,0.6971884268816441,0.7843793894089915,0.15914637070760945,-0.9483917467447087,-0.6162693719513547,0.8525152620306563,-0.3656050422974157,0.3264757840063674
NOUN,-0.03219903162258403,-0.16841009533857537,-0.13165434212903845,-0.8002117455127601,-0.8087771401594359,-0.5330084165042158,1.0,0.3554286947506263,-0.16721928260155539,0.4460256438674728,0.2437763964170644,-0.7295276527474527,0.9364807358410624,0.6021898554429116,-0.8205983668032849,-0.6769705525273083,-0.6858299529270154,0.7994311427560815,-0.5343286364922404,-0.20453473181840734,-0.3650304638566217,0.767653872872458,-0.597914690654848,-0.9487749511527709,0.012871411222933348,-0.3899640205583926,0.1792435483826347,0.9852104244977458,0.7874278239210137,-0.6507944106031994,0.42036159087925046,-0.03285978210330062,-0.7239592396852386,0.26395051343437625,0.7874278239210136,0.9466578222280371,0.8884067076399293,-0.5288795238874185,-0.6858299529270154,0.2223978670104465,0.7081779745816474,0.20861340599244033,-0.9736941826419551,-0.8094383950473131,0.0055825778946162535,0.718429804243177,0.293995907432258,0.9319237483733532,-0.4685263904188898,-0.07740408947808304,-0.22093669344755057
SCONJ,0.5676839410255625,-0.7785283650831856,0.8127570098793621,-0.7029432257486273,-0.4094411465141332,-0.883557404851865,0.3554286947506263,1.0,-0.8140046932750765,0.6802996884480682,-0.2730242332389988,0.3201001100086357,0.4139630506755049,0.4608207460432023,-0.41858564528290554,0.4371951736507982,-0.560743846242059,0.18590839450987584,-0.7901054233323663,-0.6174319839655695,0.6864094730385072,0.8694015420916203,0.4841235326256681,-0.5973852965094782,0.6714084135874355,-0.969077805393744,0.9671358458363952,0.42891343895855666,-0.2962732502763985,-0.8021926454400481,0.8289253956283058,0.06943556072140619,-0.40275182030268364,-0.8057394297797992,-0.2962732502763985,0.5433191220094613,0.3188392199618242,-0.5554464585274584,-0.560743846242059,0.671589704960272,0.9116223598760057,0.9593851739167959,-0.3872071107719032,-0.323095804601896,-0.9254107924640872,-0.3915966058041438,0.9594900364220412,0.29751433218368684,-0.5169250375045429,0.7582209604468528,-0.7035939977884635
VERB,-0.050916939895742454,0.29975389862436996,-0.5108655131058719,0.721085306280992,0.5651560238478958,0.9181338295519357,-0.16721928260155539,-0.8140046932750765,1.0,-0.9211886143470783,-0.23397553479350702,-0.5420159801040287,-0.4189788580640359,-0.7402665833753838,-0.06735801563708665,-0.5434692533532581,0.02400819697122887,0.2859337630444231,0.2965984701947708,0.05955654773721214,-0.8266669170090817,-0.6764572205733734,-0.6686463438890736,0.4679720131042447,-0.18154528803544692,0.9193819065011897,-0.9141028407521994,-0.31720319981358036,0.3679779409477871,0.8571617747350363,-0.9644703972676901,-0.6280990191623838,0.6270449353710902,0.7691331561823238,0.367977940947787,-0.2043799321360447,-0.4110235935220114,0.8315131387286417,0.02400819697122887,-0.9681863588919616,-0.6855280651149182,-0.6613626881428487,0.07180620759406116,0.49757983816875406,0.8706047211562042,0.4778250026707495,-0.9444991172406886,-0.3309506473357298,0.833742962081803,-0.36227695131407417,0.17500300631974022
ADP,-0.21717851320510953,-0.07278274898918369,0.1956584165462333,-0.8859812548971003,-0.8347761776947763,-0.9359749029210382,0.4460256438674728,0.6802996884480682,-0.9211886143470783,1.0,0.5167417452026457,0.22285745821233835,0.7038719694953678,0.9430828888690741,-0.05342681003613056,0.19093963365364006,-0.04471144991265649,-0.11591337139058823,-0.21218700363790352,0.13366445521872586,0.5505832339748014,0.7392822394323926,0.355734543420791,-0.6831519929071965,-0.0861765906122079,-0.8391411829090396,0.7478687398542977,0.5908434495027345,0.004601156056624216,-0.9467609639217938,0.9731573131823531,0.7303769277773925,-0.8799443669210041,-0.46442514753956887,0.004601156056624216,0.38189571566289293,0.7192402209171936,-0.9815614663921923,-0.04471144991265649,0.9712837320149283,0.706457196582028,0.4510404784329644,-0.3024435098207558,-0.7921289885121581,-0.6385931395512155,-0.11439150325071398,0.8356863844080354,0.6479827251717714,-0.9779032339548728,0.05969354936746082,0.024821968603880883
PROPN,-0.9444406518858807,0.8039166773187935,-0.7154649448977838,-0.37794231284522045,-0.6574497648228981,-0.20519169379163357,0.2437763964170644,-0.2730242332389988,-0.23397553479350702,0.5167417452026457,1.0,-0.15904458905726918,0.49741236454567556,0.7159292839808695,0.34640878254293384,-0.33197954671817426,0.5365391600075824,-0.29124194295425126,0.6061915180047256,0.8745242237745227,-0.13742714485445715,-0.006768105817997814,-0.16994114204122313,-0.2572862495736464,-0.8950943674865202,0.03147547168392209,-0.16486425806358868,0.3405861849160404,0.42592632932428703,-0.32515723933857044,0.30607594993276144,0.8449833476358364,-0.7149037397265849,0.37750379946262,0.42592632932428703,-0.06290348204589552,0.6239621550706627,-0.6472352052732784,0.5365391600075824,0.46968717378069114,-0.10351362029354394,-0.5307660620704826,-0.021403936147763116,-0.7044072007172002,0.27215200746785057,0.3798017056659279,-0.033529764989334444,0.5623057586865132,-0.6821207477600993,-0.8195542117298872,0.835454764673072
PRON,0.18085998985252433,-0.1754514426878461,0.5590862526995783,0.19090218599988207,0.34337557262121976,-0.18868734211922608,-0.7295276527474527,0.3201001100086357,-0.5420159801040287,0.22285745821233835,-0.15904458905726918,1.0,-0.5311747798539558,-0.05787363280534418,0.6749412739226165,0.9797685098258405,0.4762438531845216,-0.8193234521463196,0.1506702502994886,0.0152870541754562,0.9009149661233704,-0.14762371745098807,0.983454431720254,0.47640738964787693,0.23032187619644318,-0.336179834202929,0.5214078678939279,-0.6233898508386078,-0.9575806189709247,-0.03419381313804207,0.3009096921495969,0.36556806037483247,0.23743837412144245,-0.8076818488880438,-0.9575806189709247,-0.6211409088061977,-0.5133916570913268,-0.07527122168848052,0.4762438531845216,0.4448179653788967,-0.0804511588661634,0.36435747476494124,0.7476845152761977,0.3976544520450423,-0.6551358331667898,-0.9731755714493654,0.43266049569955733,-0.5979198192198688,-0.12180240955109219,0.4225968469281019,-0.048146654111443095
NUM,-0.24289339640427962,-0.014829172305173203,-0.1692724113939574,-0.9238110326751706,-0.9635962665205964,-0.7013944536145682,0.9364807358410624,0.4139630506755049,-0.4189788580640359,0.7038719694953678,0.49741236454567556,-0.5311747798539558,1.0,0.8428769176524851,-0.5916136548297303,-0.5282566976004885,-0.4528818960821742,0.5385341603517969,-0.3693115611176694,0.025135324106958023,-0.15631110398903048,0.7940052868449106,-0.39501912491430635,-0.9634693739454587,-0.1641187381223239,-0.5244955470481687,0.31408878217311176,0.9806445937135555,0.6826941442301202,-0.8157259583325231,0.6412458666186311,0.3151058947854005,-0.9198535451191165,0.14184917791147764,0.6826941442301199,0.8261347808050632,0.9882512156964356,-0.7849918339427232,-0.4528818960821742,0.5149888959174854,0.7227513568948585,0.1946425793862522,-0.8396919691800057,-0.9604347958607626,-0.12323937812777191,0.5891941907104162,0.44889933540156546,0.9922220845466958,-0.7431374559267576,-0.18170201868678257,-0.023693638371583097
ADJ,-0.44669612406733533,0.16031485098156573,-0.11536336953868617,-0.9006895916188545,-0.953550468952313,-0.8225691530495773,0.6021898554429116,0.4608207460432023,-0.7402665833753838,0.9430828888690741,0.7159292839808695,-0.05787363280534418,0.8428769176524851,1.0,-0.11174812695651584,-0.12134011930902239,-0.01738822817434627,0.008011958546090601,-0.07713639465544665,0.3155054427381065,0.25408298107550326,0.6745236923327154,0.05897408159172198,-0.7574783964392444,-0.3317585635862135,-0.6516711119918106,0.5013866075303811,0.727945338385658,0.30871486840827034,-0.8929849640752912,0.8541499297555408,0.7533047076691524,-0.983397541991505,-0.14353049528080628,0.30871486840827034,0.45201773534552564,0.881716819390679,-0.9889769004775564,-0.01738822817434627,0.8593807979739715,0.6090727278154113,0.19186238380004866,-0.4295217403438109,-0.9389316666263853,-0.3525382182763555,0.19769715670980012,0.6274118726110679,0.8235505096974796,-0.9838402196300104,-0.22855229738538504,0.22526603473372914
advmod:emph,-0.49308831920214563,0.5850229517132463,-0.22231745491911875,0.4959740336486171,0.36305453744554916,0.313101418226158,-0.8205983668032849,-0.41858564528290554,-0.06735801563708665,-0.05342681003613056,0.34640878254293384,0.6749412739226165,-0.5916136548297303,-0.11174812695651584,1.0,0.526950233106914,0.9663050568472163,-0.9701029382266643,0.8308250924776671,0.6835728975944858,0.36029133619480935,-0.684369837877626,0.5532036906233763,0.7333576677860505,-0.4963782994835711,0.30636127810127506,-0.1764612049307574,-0.7370686323451494,-0.564468474807752,0.3665854941888285,-0.1422551159082292,0.5679251427672144,0.24211725713947443,-0.12156419791270853,-0.5644684748077521,-0.9369079936200381,-0.47463737363016295,0.06983310755632374,0.9663050568472163,0.14262149690364492,-0.6797912971835041,-0.43522758640029124,0.9290992355079332,0.344064274961222,0.0609292549512771,-0.53401311496384,-0.21156939566811628,-0.5595114740587717,-0.00871927799307922,-0.348218018642364,0.6662096845402323
obl:arg,0.37234961614879003,-0.3658858145396189,0.7093768515449722,0.16678723089403694,0.3806817807107488,-0.2287321757690293,-0.6769705525273083,0.4371951736507982,-0.5434692533532581,0.19093963365364006,-0.33197954671817426,0.9797685098258405,-0.5282566976004885,-0.12134011930902239,0.526950233106914,1.0,0.29944306023061584,-0.6918765448768096,-0.03470037368113936,-0.18512817312958524,0.9209702638961429,-0.049550359175959784,0.9823784490467182,0.4216279374709466,0.42041355857686535,-0.41076028014217786,0.6026582947323605,-0.5870824209192406,-0.9805065456967589,-0.05912210349654609,0.31097111275263717,0.21054176684197362,0.2926476521409152,-0.8846637507673235,-0.9805065456967585,-0.5098737516086308,-0.5412421525555398,-0.021755080038509823,0.29944306023061584,0.40241267976683565,0.03192576164429652,0.5148408742168202,0.6554037888082108,0.4467226602327996,-0.738968338515284,-0.9969915071011196,0.4991986347446404,-0.6116089244502845,-0.05539001263052687,0.5944910812768501,-0.24598548690424563
aux,-0.6930389463379316,0.773427922013758,-0.4599089610997404,0.4437572006723886,0.2296810291942748,0.3562639204416878,-0.6858299529270154,-0.560743846242059,0.02400819697122887,-0.04471144991265649,0.5365391600075824,0.4762438531845216,-0.4528818960821742,-0.01738822817434627,0.9663050568472163,0.29944306023061584,1.0,-0.893508106909853,0.938182994080133,0.8443319671101305,0.16222708041265613,-0.7055350630087572,0.34726528945779667,0.6488151509173279,-0.7019080688071467,0.41299218859772263,-0.33254554268050146,-0.6081759640504139,-0.3333333333333333,0.36302569990499234,-0.18522373826272237,0.6342477466890489,0.11652266620442618,0.10399664592417991,-0.33333333333333337,-0.8751218601722263,-0.31482292061097406,0.011720183376683081,1.0,0.10945239762269549,-0.7283563757533865,-0.6213479657714663,0.8266715953881508,0.19065463502084115,0.2523583900403508,-0.30260412014719495,-0.33333333333333326,-0.3945458015350806,-0.06665743092771571,-0.5771699004889038,0.8354382166823389
flat,0.37303406641746617,-0.41867348583227104,0.017045562547150332,-0.3566736624742475,-0.29365236829260105,-0.1081972270053959,0.7994311427560815,0.18590839450987584,0.2859337630444231,-0.11591337139058823,-0.29124194295425126,-0.8193234521463196,0.5385341603517969,0.008011958546090601,-0.9701029382266643,-0.6918765448768096,-0.893508106909853,1.0,-0.6848239922939502,-0.5674510638649144,-0.5746379567191818,0.5122717189881079,-0.7308026974949603,-0.6407925286497347,0.34972657752111697,-0.07529121557484744,-0.06682654097812765,0.6904975776373339,0.6964113132872478,-0.18929076883518575,-0.061499478305030456,-0.6243311128922516,-0.16488026221885768,0.3501361396890109,0.6964113132872478,0.872077955369397,0.4383518223197382,0.06340576687278877,-0.893508106909853,-0.32696170781657435,0.49491705109457834,0.21154630990766496,-0.9060173760202886,-0.296505294729288,0.18248447685687277,0.6880491642025006,-0.02507260851764394,0.5353561007723424,0.13801994773249016,0.1668532546278893,-0.526255501684645
nsubj,-0.8117597142613865,0.922765878624343,-0.7236148047060164,0.49578054365273366,0.20071745279697686,0.5387209838796303,-0.5343286364922404,-0.7901054233323663,0.2965984701947708,-0.21218700363790352,0.6061915180047256,0.1506702502994886,-0.3693115611176694,-0.07713639465544665,0.8308250924776671,-0.03470037368113936,0.938182994080133,-0.6848239922939502,1.0,0.9158314345258493,-0.18807096596150136,-0.7880838638332525,0.003065793399735432,0.6034952133087563,-0.850111798850629,0.64590893167423,-0.6155338372738849,-0.49849762305120016,-0.02693224690594575,0.49198034317056244,-0.39296299572659593,0.5091690836928243,0.11730359737314633,0.4416356669051082,-0.026932246905945725,-0.7766867388398777,-0.224472471914669,0.12157468375362086,0.938182994080133,-0.11871811133053546,-0.834511055263152,-0.853716861177268,0.6714246944155448,0.13470527293857953,0.5655756483010788,0.022479929785636538,-0.5920652777867276,-0.2764252054001415,0.05131242841990605,-0.7930964135456057,0.9377047697740801
root,-0.9712991608234646,0.9676442752740567,-0.8001086550060066,0.1108539524555076,-0.20952311250290795,0.22287093619355394,-0.20453473181840734,-0.6174319839655695,0.05955654773721214,0.13366445521872586,0.8745242237745227,0.0152870541754562,0.025135324106958023,0.3155054427381065,0.6835728975944858,-0.18512817312958524,0.8443319671101305,-0.5674510638649144,0.9158314345258493,1.0,-0.180178057859864,-0.4833054051748094,-0.08006447696863617,0.23868348083289553,-0.9694163128237787,0.4073165423385331,-0.4556309001608144,-0.13325687754167823,0.19533096710699102,0.13433035610778157,-0.0826541299775069,0.7392147480261937,-0.2898004752576009,0.4563833243257825,0.195330967106991,-0.5068112676206018,0.1773952815835854,-0.2542466517281654,0.8443319671101305,0.1676073568361051,-0.5602621175604073,-0.7864894033142585,0.4006271253509343,-0.27322395508380537,0.47903228108171686,0.20194910120949644,-0.3752057993558389,0.11421190696216332,-0.3148429808200423,-0.8956659892510512,0.993242768822486
advcl,0.29943123467649047,-0.4106446593508008,0.7314601888461213,-0.22773632932088742,-0.003948755645442962,-0.584834959658126,-0.3650304638566217,0.6864094730385072,-0.8266669170090817,0.5505832339748014,-0.13742714485445715,0.9009149661233704,-0.15631110398903048,0.25408298107550326,0.36029133619480935,0.9209702638961429,0.16222708041265613,-0.5746379567191818,-0.18807096596150136,-0.180178057859864,1.0,0.29581631270301084,0.9643157261804105,0.0550028239840737,0.39192879719296053,-0.7115852380955777,0.8377932136344142,-0.2378786323196819,-0.8268187627043334,-0.4414257204967973,0.6567093119973559,0.40938176676887683,-0.08867529611292281,-0.9574242254421802,-0.8268187627043335,-0.2279860852086409,-0.1731494794569172,-0.39316670376423923,0.16222708041265613,0.711606981297195,0.3563378892961264,0.6720034673495685,0.3892219166532149,0.07312616030337668,-0.908650178231982,-0.8889788107397137,0.7809300960063839,-0.25512026356278006,-0.4146972689833243,0.5891069349506824,-0.27395869224846536
mark,0.3251878629893627,-0.5841891785791666,0.46435979263302624,-0.9232231712143179,-0.737442501263557,-0.9066585281038542,0.767653872872458,0.8694015420916203,-0.6764572205733734,0.7392822394323926,-0.006768105817997814,-0.14762371745098807,0.7940052868449106,0.6745236923327154,-0.684369837877626,-0.049550359175959784,-0.7055350630087572,0.5122717189881079,-0.7880838638332525,-0.4833054051748094,0.29581631270301084,1.0,0.03381045521150183,-0.9146544973402504,0.42452904629328664,-0.8804610682808043,0.7651245353551365,0.8187290450291869,0.21085994890504312,-0.9155772262099273,0.8181979463090959,0.08796766952642292,-0.6940738702467671,-0.41533521367578397,0.2108599489050431,0.8543468669997031,0.7107384523200747,-0.7005760365500607,-0.7055350630087572,0.6183255458515301,0.9939437511893079,0.7504325782467531,-0.7625633824458444,-0.6795590943623447,-0.6361923952893055,0.10573849111645475,0.8255848898989545,0.7133217145710921,-0.6453662173677367,0.44596851993461695,-0.5551924387026039
det,0.24968289444389707,-0.2903976016818629,0.6549105322798814,0.027049958522949592,0.21715571318706653,-0.3543940403902774,-0.597914690654848,0.4841235326256681,-0.6686463438890736,0.355734543420791,-0.16994114204122313,0.983454431720254,-0.39501912491430635,0.05897408159172198,0.5532036906233763,0.9823784490467182,0.34726528945779667,-0.7308026974949603,0.003065793399735432,-0.08006447696863617,0.9643157261804105,0.03381045521150183,1.0,0.3157352344831275,0.31734313397500724,-0.5003879893085729,0.6673259889594992,-0.48227050188928244,-0.931283950266535,-0.1991358923829298,0.4506481087061758,0.37804093818413925,0.11864818071210102,-0.8940418877164644,-0.9312839502665349,-0.4701805896271509,-0.3933275515278294,-0.19865800300520545,0.34726528945779667,0.5580044969652733,0.1012833955906631,0.5091617734680736,0.6153419561922746,0.28289204119081035,-0.7795955386171366,-0.965850921050721,0.5877384784103343,-0.4776487510324083,-0.2352391089394088,0.5146697637897059,-0.15689179847820883
advcl:pred,-0.024646291017050362,0.28156790618399735,-0.07570700321230035,0.9434999150568488,0.8894091897654203,0.7730293745837084,-0.9487749511527709,-0.5973852965094782,0.4679720131042447,-0.6831519929071965,-0.2572862495736464,0.47640738964787693,-0.9634693739454587,-0.7574783964392444,0.7333576677860505,0.4216279374709466,0.6488151509173279,-0.6407925286497347,0.6034952133087563,0.23868348083289553,0.0550028239840737,-0.9146544973402504,0.3157352344831275,1.0,-0.10603138428891966,0.6534554654938963,-0.46652250750391333,-0.9804995787965649,-0.5749851277864315,0.8548918409227797,-0.6823533599377101,-0.14184566799300702,0.8306650788160073,0.027042834553616363,-0.5749851277864316,-0.9247405044135661,-0.9124465519200907,0.7236688448440675,0.6488151509173279,-0.49820105220129624,-0.8676603340580021,-0.4250584852723933,0.902637355967937,0.8661276434430154,0.2895066028897435,-0.478621936985367,-0.5749851277864315,-0.9280977829849016,0.6684738275406289,-0.08038994766491728,0.28961113140884376
csubj,0.9910836517879618,-0.9828548278237188,0.9136940312708731,-0.05022058417206813,0.2982631086880915,-0.2525279921544689,0.012871411222933348,0.6714084135874355,-0.18154528803544692,-0.0861765906122079,-0.8950943674865202,0.23032187619644318,-0.1641187381223239,-0.3317585635862135,-0.4963782994835711,0.42041355857686535,-0.7019080688071467,0.34972657752111697,-0.850111798850629,-0.9694163128237787,0.39192879719296053,0.42452904629328664,0.31734313397500724,-0.10603138428891966,1.0,-0.4694018629773556,0.5632863901089017,-0.03175902095721115,-0.42708116709009747,-0.12809768163671373,0.14365831507720664,-0.6361098786433298,0.3505407353503418,-0.6382018444915457,-0.4270811670900974,0.3341729425384228,-0.3078356980244483,0.2396930114258341,-0.7019080688071467,-0.06383847470251398,0.5163244153414759,0.8492788276869487,-0.2005620225700483,0.37311520209707655,-0.620412397286724,-0.4360056273388743,0.4621429555102591,-0.26656350692491687,0.28700255495405963,0.9742947478711483,-0.9773128508350052
xcomp,-0.34822291939969324,0.5996016786121978,-0.6761728783571705,0.8063945434597557,0.5700603624585268,0.9657416639101127,-0.3899640205583926,-0.969077805393744,0.9193819065011897,-0.8391411829090396,0.03147547168392209,-0.336179834202929,-0.5244955470481687,-0.6516711119918106,0.30636127810127506,-0.41076028014217786,0.41299218859772263,-0.07529121557484744,0.64590893167423,0.4073165423385331,-0.7115852380955777,-0.8804610682808043,-0.5003879893085729,0.6534554654938963,-0.4694018629773556,1.0,-0.9730473910863409,-0.49513881779379365,0.24146656478794448,0.9055483985780562,-0.9411833895151087,-0.30514703587424596,0.5831363906920367,0.7676807517898829,0.24146656478794448,-0.5091237295713623,-0.46041201363424,0.7374881475094628,0.41299218859772263,-0.8291531794887165,-0.9022340864629252,-0.863804038142858,0.36471874308302193,0.4910492998966347,0.9095252887085465,0.35155506061078745,-0.994427455841202,-0.41865695983135365,0.709294135844726,-0.5870249152686668,0.5085892509441936
obl,0.44916582358160706,-0.6601459039849843,0.797305644318406,-0.6494235314475073,-0.37633206621661175,-0.8877050735870672,0.1792435483826347,0.9671358458363952,-0.9141028407521994,0.7478687398542977,-0.16486425806358868,0.5214078678939279,0.31408878217311176,0.5013866075303811,-0.1764612049307574,0.6026582947323605,-0.33254554268050146,-0.06682654097812765,-0.6155338372738849,-0.4556309001608144,0.8377932136344142,0.7651245353551365,0.6673259889594992,-0.46652250750391333,0.5632863901089017,-0.9730473910863409,1.0,0.285396531578893,-0.45529283249928104,-0.7897437447553805,0.8776401134862191,0.26069958824102485,-0.4034810650938625,-0.8946661144044001,-0.455292832499281,0.3405946597015457,0.2466563527656172,-0.6128037991689935,-0.33254554268050146,0.7885128629526702,0.808405271608563,0.9080121503171893,-0.17603158905643715,-0.28922031669112935,-0.980860908206424,-0.5529197491098546,0.9876828524214831,0.19839310054256276,-0.5931094641152082,0.7002510167418118,-0.5556854097235506
nmod,-0.09654855547014163,-0.13865505120909116,-0.10746794474672806,-0.8856264803569636,-0.8933744166824238,-0.6481914727043189,0.9852104244977458,0.42891343895855666,-0.31720319981358036,0.5908434495027345,0.3405861849160404,-0.6233898508386078,0.9806445937135555,0.727945338385658,-0.7370686323451494,-0.5870824209192406,-0.6081759640504139,0.6904975776373339,-0.49849762305120016,-0.13325687754167823,-0.2378786323196819,0.8187290450291869,-0.48227050188928244,-0.9804995787965649,-0.03175902095721115,-0.49513881779379365,0.285396531578893,1.0,0.7233164984229113,-0.7599209378234325,0.556400079611399,0.1235032616948532,-0.8266390462438896,0.16939088740366365,0.7233164984229112,0.9163498981722028,0.9440388638202726,-0.666404788408302,-0.6081759640504139,0.3830355629307634,0.7564298587938972,0.24890909566945477,-0.929641512781465,-0.8880920234927979,-0.0966872324665202,0.6391610650183909,0.4080690255426347,0.968945428503778,-0.612541018749724,-0.0854294605910232,-0.16807757972239004
advcl:cmpr,-0.40443094676706703,0.3390927158039045,-0.6691673573233937,-0.352668529810021,-0.5543422444413583,0.039495437213602276,0.7874278239210137,-0.2962732502763985,0.3679779409477871,0.004601156056624216,0.42592632932428703,-0.9575806189709247,0.6826941442301202,0.30871486840827034,-0.564468474807752,-0.9805065456967589,-0.3333333333333333,0.6964113132872478,-0.02693224690594575,0.19533096710699102,-0.8268187627043334,0.21085994890504312,-0.931283950266535,-0.5749851277864315,-0.42708116709009747,0.24146656478794448,-0.45529283249928104,0.7233164984229113,1.0,-0.1343524359389594,-0.1190690018627665,-0.08296374785255856,-0.471728864438505,0.8012914281162442,1.0,0.609862536717521,0.6958705179740591,-0.17140816488477614,-0.3333333333333333,-0.21831031037774798,0.1224715651100613,-0.41862654225812634,-0.7403993273929504,-0.6119136634692948,0.6164230457660415,0.9925954370944654,-0.3333333333333333,0.7547545826199467,-0.1349687047154243,-0.5771699004889038,0.23566780512129704
cc,-0.0037287549404190954,0.300990270541603,-0.3090253951139927,0.9741966953952075,0.8647019140806785,0.9833366698534052,-0.6507944106031994,-0.8021926454400481,0.8571617747350363,-0.9467609639217938,-0.32515723933857044,-0.03419381313804207,-0.8157259583325231,-0.8929849640752912,0.3665854941888285,-0.05912210349654609,0.36302569990499234,-0.18929076883518575,0.49198034317056244,0.13433035610778157,-0.4414257204967973,-0.9155772262099273,-0.1991358923829298,0.8548918409227797,-0.12809768163671373,0.9055483985780562,-0.7897437447553805,-0.7599209378234325,-0.1343524359389594,1.0,-0.9624731683674148,-0.48071054961990917,0.8693086133836996,0.4449815821257338,-0.1343524359389594,-0.6455928784823737,-0.7872260474944923,0.9235543866141298,0.36302569990499234,-0.8660126775048124,-0.8898168994243748,-0.6041643324160517,0.5597104160535551,0.8142089336606118,0.6585901221848093,-0.013571959644010853,-0.8750433319248048,-0.7472182871381365,0.8946914874181022,-0.22126152132730725,0.23202059313294557
nsubj:pass,0.011082020677913524,-0.2948568205239908,0.4122245708484485,-0.8785085286801703,-0.7462029328843608,-0.9840910584800466,0.42036159087925046,0.8289253956283058,-0.9644703972676901,0.9731573131823531,0.30607594993276144,0.3009096921495969,0.6412458666186311,0.8541499297555408,-0.1422551159082292,0.31097111275263717,-0.18522373826272237,-0.061499478305030456,-0.39296299572659593,-0.0826541299775069,0.6567093119973559,0.8181979463090959,0.4506481087061758,-0.6823533599377101,0.14365831507720664,-0.9411833895151087,0.8776401134862191,0.556400079611399,-0.1190690018627665,-0.9624731683674148,1.0,0.5898758749005205,-0.7823340770148262,-0.6235598644178247,-0.11906900186276652,0.43164531452911575,0.6250782283548786,-0.9165007489613869,-0.18522373826272237,0.9565185390874532,0.8082232161304048,0.6437446476161753,-0.3199064251666558,-0.685943286655402,-0.7866507601438251,-0.23878778225899291,0.9390869768006931,0.5614438485511005,-0.9038174788029227,0.2875325144010794,-0.1935883275704756
discourse,-0.726058290927665,0.5529696610028537,-0.28441864118315174,-0.4098024439238117,-0.5557283136957446,-0.45070028511109805,-0.03285978210330062,0.06943556072140619,-0.6280990191623838,0.7303769277773925,0.8449833476358364,0.36556806037483247,0.3151058947854005,0.7533047076691524,0.5679251427672144,0.21054176684197362,0.6342477466890489,-0.6243311128922516,0.5091690836928243,0.7392147480261937,0.40938176676887683,0.08796766952642292,0.37804093818413925,-0.14184566799300702,-0.6361098786433298,-0.30514703587424596,0.26069958824102485,0.1235032616948532,-0.08296374785255856,-0.48071054961990917,0.5898758749005205,1.0,-0.6588801072407373,-0.15612998772311174,-0.08296374785255854,-0.2451250861024824,0.42815733686055685,-0.7656424294029877,0.6342477466890489,0.7852279200854368,0.03298875374496072,-0.16758431881804342,0.2507821732419969,-0.560142507374749,-0.21043031612795185,-0.1526449480885953,0.34573675867092485,0.3255453708991007,-0.8136545686372287,-0.4582553290284489,0.6560812482182485
csubj:pass,0.4539863991458606,-0.17298883918826713,0.20098935413604857,0.9171189546111419,0.9912258619444214,0.7739585569558196,-0.7239592396852386,-0.40275182030268364,0.6270449353710902,-0.8799443669210041,-0.7149037397265849,0.23743837412144245,-0.9198535451191165,-0.983397541991505,0.24211725713947443,0.2926476521409152,0.11652266620442618,-0.16488026221885768,0.11730359737314633,-0.2898004752576009,-0.08867529611292281,-0.6940738702467671,0.11864818071210102,0.8306650788160073,0.3505407353503418,0.5831363906920367,-0.4034810650938625,-0.8266390462438896,-0.471728864438505,0.8693086133836996,-0.7823340770148262,-0.6588801072407373,1.0,0.0018125470287007994,-0.471728864438505,-0.562354613360973,-0.9521908690335793,0.9495521173981017,0.11652266620442618,-0.7574563924881501,-0.6191636630561147,-0.1344245835303711,0.5615075399321843,0.9857118770757274,0.23413219726986387,-0.36586460992998493,-0.5414733774894305,-0.911580811587815,0.9351556110905631,0.2855093276904563,-0.2131106866385618
acl,-0.5544231205385172,0.6559014338406634,-0.895998078002975,0.24532804688461313,-0.051060001340403116,0.6000285228502794,0.26395051343437625,-0.8057394297797992,0.7691331561823238,-0.46442514753956887,0.37750379946262,-0.8076818488880438,0.14184917791147764,-0.14353049528080628,-0.12156419791270853,-0.8846637507673235,0.10399664592417991,0.3501361396890109,0.4416356669051082,0.4563833243257825,-0.9574242254421802,-0.41533521367578397,-0.8940418877164644,0.027042834553616363,-0.6382018444915457,0.7676807517898829,-0.8946661144044001,0.16939088740366365,0.8012914281162442,0.4449815821257338,-0.6235598644178247,-0.15612998772311174,0.0018125470287007994,1.0,0.8012914281162441,0.05193407773624387,0.2018524666575151,0.2870563204515134,0.10399664592417991,-0.5989622467867716,-0.49222012482761185,-0.8407349211078237,-0.22901697798696097,-0.1395755403812164,0.9643513460374035,0.8601927469015848,-0.8205277344691299,0.2575262728324306,0.28848142981032915,-0.7950190909174798,0.5396816838456902
expl:pass,-0.404430946767067,0.3390927158039045,-0.6691673573233938,-0.35266852981002095,-0.5543422444413582,0.03949543721360232,0.7874278239210136,-0.2962732502763985,0.367977940947787,0.004601156056624216,0.42592632932428703,-0.9575806189709247,0.6826941442301199,0.30871486840827034,-0.5644684748077521,-0.9805065456967585,-0.33333333333333337,0.6964113132872478,-0.026932246905945725,0.195330967106991,-0.8268187627043335,0.2108599489050431,-0.9312839502665349,-0.5749851277864316,-0.4270811670900974,0.24146656478794448,-0.455292832499281,0.7233164984229112,1.0,-0.1343524359389594,-0.11906900186276652,-0.08296374785255854,-0.471728864438505,0.8012914281162441,1.0,0.6098625367175211,0.695870517974059,-0.17140816488477612,-0.33333333333333337,-0.21831031037774798,0.12247156511006133,-0.4186265422581264,-0.7403993273929506,-0.6119136634692948,0.6164230457660415,0.9925954370944652,-0.3333333333333333,0.7547545826199468,-0.13496870471542433,-0.5771699004889038,0.235667805121297
amod,0.2903346640665011,-0.47405899793904704,0.16557571610409524,-0.763166411465625,-0.6601926859838866,-0.5739274236922526,0.9466578222280371,0.5433191220094613,-0.2043799321360447,0.38189571566289293,-0.06290348204589552,-0.6211409088061977,0.8261347808050632,0.45201773534552564,-0.9369079936200381,-0.5098737516086308,-0.8751218601722263,0.872077955369397,-0.7766867388398777,-0.5068112676206018,-0.2279860852086409,0.8543468669997031,-0.4701805896271509,-0.9247405044135661,0.3341729425384228,-0.5091237295713623,0.3405946597015457,0.9163498981722028,0.609862536717521,-0.6455928784823737,0.43164531452911575,-0.2451250861024824,-0.562354613360973,0.05193407773624387,0.6098625367175211,1.0,0.7342211464152983,-0.41149075803466423,-0.8751218601722263,0.17732395900651823,0.8278220285833515,0.46422014201345974,-0.9838602831530467,-0.6373853664368467,-0.1850800825499652,0.5431619836643731,0.4158093707026619,0.7897053423548426,-0.33911438637816554,0.23831816145542237,-0.523428488254177
nummod,-0.38658315073547905,0.13100368931277928,-0.2838520274944335,-0.8955273553679828,-0.9821935986485358,-0.6621228571476672,0.8884067076399293,0.3188392199618242,-0.4110235935220114,0.7192402209171936,0.6239621550706627,-0.5133916570913268,0.9882512156964356,0.881716819390679,-0.47463737363016295,-0.5412421525555398,-0.31482292061097406,0.4383518223197382,-0.224472471914669,0.1773952815835854,-0.1731494794569172,0.7107384523200747,-0.3933275515278294,-0.9124465519200907,-0.3078356980244483,-0.46041201363424,0.2466563527656172,0.9440388638202726,0.6958705179740591,-0.7872260474944923,0.6250782283548786,0.42815733686055685,-0.9521908690335793,0.2018524666575151,0.695870517974059,0.7342211464152983,1.0,-0.8164238388513237,-0.31482292061097406,0.5396877652070802,0.6291622957810195,0.07645453725495681,-0.7625523952070417,-0.9882275490850564,-0.055538103856213744,0.6041828904188526,0.39144933148759786,0.9934578242873028,-0.7846972652872,-0.31207861238347434,0.12740367568799338
conj,0.3633341927505272,-0.07259888875701626,-0.013494465671168483,0.8993265041659299,0.9103731463385762,0.8788538038279707,-0.5288795238874185,-0.5554464585274584,0.8315131387286417,-0.9815614663921923,-0.6472352052732784,-0.07527122168848052,-0.7849918339427232,-0.9889769004775564,0.06983310755632374,-0.021755080038509823,0.011720183376683081,0.06340576687278877,0.12157468375362086,-0.2542466517281654,-0.39316670376423923,-0.7005760365500607,-0.19865800300520545,0.7236688448440675,0.2396930114258341,0.7374881475094628,-0.6128037991689935,-0.666404788408302,-0.17140816488477614,0.9235543866141298,-0.9165007489613869,-0.7656424294029877,0.9495521173981017,0.2870563204515134,-0.17140816488477612,-0.41149075803466423,-0.8164238388513237,1.0,0.011720183376683081,-0.9239770824074491,-0.6483182218693458,-0.29916164446037524,0.36410752328611323,0.8837302480323656,0.48089113208262263,-0.0557531425572234,-0.7236064078166179,-0.7501109131104293,0.9968686041478246,0.11365565302020289,-0.15421125684965317
appos,-0.6930389463379316,0.773427922013758,-0.4599089610997404,0.4437572006723886,0.2296810291942748,0.3562639204416878,-0.6858299529270154,-0.560743846242059,0.02400819697122887,-0.04471144991265649,0.5365391600075824,0.4762438531845216,-0.4528818960821742,-0.01738822817434627,0.9663050568472163,0.29944306023061584,1.0,-0.893508106909853,0.938182994080133,0.8443319671101305,0.16222708041265613,-0.7055350630087572,0.34726528945779667,0.6488151509173279,-0.7019080688071467,0.41299218859772263,-0.33254554268050146,-0.6081759640504139,-0.3333333333333333,0.36302569990499234,-0.18522373826272237,0.6342477466890489,0.11652266620442618,0.10399664592417991,-0.33333333333333337,-0.8751218601722263,-0.31482292061097406,0.011720183376683081,1.0,0.10945239762269549,-0.7283563757533865,-0.6213479657714663,0.8266715953881508,0.19065463502084115,0.2523583900403508,-0.30260412014719495,-0.33333333333333326,-0.3945458015350806,-0.06665743092771571,-0.5771699004889038,0.8354382166823389
