,len,PUNCT,AUX,X,ADV,PART,CCONJ,NOUN,SCONJ,VERB,ADP,PROPN,PRON,NUM,ADJ,advmod:emph,obl:arg,flat,conj:expl,nsubj,root,advcl,mark,det,advcl:pred,csubj,xcomp,obl,nmod,advcl:cmpr,cc,nsubj:pass,discourse,csubj:pass,acl,expl:pass,amod,nummod,conj,appos,case,xcomp:pred,aux:pass,advmod:neg,cop,obj,ccomp,fixed,acl:relcl,advmod,orphan,punct
len,1.0,-0.9445537014888952,-0.5096535373044351,0.2757104726111894,0.5899221205038362,0.3449748198476919,0.08231163519772851,-0.04542222974019792,0.4904621169632014,-0.17164027274553628,-0.47355278678021157,-0.43401507435231157,0.28431244074638384,-0.7592487140716316,-0.4735799746842521,0.003524560215769285,0.4369208532464229,0.10878351651804843,-0.029606493703214963,0.04977411536134224,-0.9781796902339164,0.6070709091137041,0.4694226760094367,0.49717931821435535,-0.19144770102857608,-0.45806108571298276,-0.18954857032437455,-0.2904131299420689,-0.1707982562942559,-0.1961479703423886,0.26431738544225397,-0.15393847795111879,0.6352032472947956,-0.1649813642989397,-0.3972611064923558,-0.18302012375545898,-0.2463168074501414,-0.5985738544874538,0.13514268796508502,0.49413952552283935,-0.5590853983322571,-0.3844281936572709,-0.327361177164321,0.2791628997436643,-0.3447502105425943,0.42957846563655033,-0.24151016603566336,-0.16681196659212089,0.0877894352828126,0.5232446484468234,-0.23856414785788335,-0.9548646766578611
PUNCT,-0.9445537014888952,1.0,0.3358590059656244,-0.17299106427849167,-0.6364100917457095,-0.23962400069027606,-0.17860941127964453,0.05858930880605878,-0.5105046429490234,0.3715046318212509,0.5595496690666835,0.5324621359879056,-0.26173653386701556,0.7561385262029816,0.3492372708395957,-0.1938999551848125,-0.3141094629933562,-0.0010852997828909347,0.07276031567820766,-0.019547256610309264,0.9690049964137974,-0.645808518080486,-0.5046943387180229,-0.5459988067856919,0.25813423590161066,0.31937694373445896,0.37512582563082303,0.38521576147324066,-0.009530581626484534,0.44537016164467025,-0.3145886312621209,0.17536391975107077,-0.592491363432441,0.1372570656282771,0.4018532273659239,0.3996355768528546,0.2056130462697344,0.5050323924206526,-0.16509870741538185,-0.44735524029672546,0.6364574054631288,0.24923004612350066,0.2497203444331926,-0.33442775718752804,0.2661645136417168,-0.30107912626499816,0.3186971979043139,0.030076367532763253,-0.06179033131685803,-0.4393740331280739,0.17949369253016229,0.9844908830539607
AUX,-0.5096535373044351,0.3358590059656244,1.0,-0.23739863273242323,-0.2544306909910321,-0.2542751356864354,-0.037509535275988985,0.07134810996704852,0.08750841079571174,-0.4064646908673178,-0.06573458594784329,0.17475142015898038,-0.41488675096993,0.4465271135639511,0.5399613363582155,0.11254184372350674,-0.255225723681807,-0.4252844805784272,-0.08141745013490334,-0.24155134861953123,0.4091083720586593,-0.0057016539277801,0.09409384853264541,-0.27290027082964213,0.2754658305502539,0.8489006853773445,-0.13119919906889937,0.1005557449453788,0.21423882034067585,-0.2610043767014026,-0.1580241638915564,0.0798902835786619,-0.38635564010404194,0.4891221829149807,-0.1858180110072597,0.03363092889789948,0.32969124167912667,0.5779843483017345,-0.10884985511455954,-0.34068492853457566,-0.019291743623110563,0.11961176879608827,0.7887821728360641,0.2467893066058902,0.6167066031300935,-0.6339392723181607,0.12892046067292046,0.7939991813910557,-0.4244968630028604,-0.467240708990244,0.6542565196431611,0.3398737921100718
X,0.2757104726111894,-0.17299106427849167,-0.23739863273242323,1.0,-0.2244180710891387,0.39038234354678764,-0.11009725872671416,0.4319528952139857,0.0018249305294790364,-0.1264567083344472,0.020086186971530324,0.3364372912602132,0.024366371273623226,0.2547919193825827,-0.1683592874860542,-0.31038711900365024,0.0025643477066017314,-0.04965128465149244,-0.10000000000000002,0.1251229835800718,-0.20440041022676672,0.1708678789193427,0.026852231131972052,-0.14101640123387585,-0.19258372328339082,-0.3122493053132315,0.5527402742229877,-0.009700866316942508,0.34911696187346825,0.2975050526222052,-0.052625137976818386,-0.04689550696341995,0.46015388959718706,-0.23675594236364253,-0.05837848092006064,-0.14860303898160415,-0.30639492516666517,0.2637004726698795,-0.03741919096093618,0.8681768098330673,-0.00030524666903224037,0.008355044193469685,-0.23192867165137154,0.09976053720991232,0.020643129179846304,0.2396005794432158,-0.6280044852369098,-0.2583306152918636,0.09345744699840783,-0.007999394784739756,-0.15826767465934682,-0.20595687551740227
ADV,0.5899221205038362,-0.6364100917457095,-0.2544306909910321,-0.2244180710891387,1.0,0.18755944487850393,-0.37586085329245644,-0.5582391568256947,0.3928575123655676,-0.050551904079249345,0.0929441310038154,-0.49357537047092,0.08850916779782982,-0.5807724551352548,-0.03140531201763195,0.3338509806040306,0.12172552663905509,0.25496912348913403,-0.1449396256408037,-0.1523616170657363,-0.6289192641916471,0.2892965940215933,0.5079511431473511,0.4167656186019368,-0.31797608409879197,-0.16384717688716557,-0.47812153742364544,-0.22398054981818352,-0.14272012923697117,-0.5710771456296956,-0.24072498485037408,0.20031445190621144,0.5478025822869881,0.2577916630260898,-0.259607953165038,-0.3160405899778941,-0.02177629612232389,-0.4739544822714916,-0.37707907198734714,-0.04363112339812857,-0.05993638019561392,0.040967873053014546,-0.11283919792413542,0.1541304695701427,-0.33766914541771287,-0.0034194532068330596,-0.0818714934003411,0.03471335772337849,0.37745848542724414,0.8035650185287943,-0.2368120712283128,-0.6502418365982439
PART,0.3449748198476919,-0.23962400069027606,-0.2542751356864354,0.39038234354678764,0.18755944487850393,1.0,-0.020185053148153394,0.1961807234535687,-0.017321871857439147,0.12475446298799893,0.23842079255766502,-0.05613668086931294,-0.11841883262598726,-0.02437713153045242,-0.11966429465588431,-0.07545699939701034,-0.27882541348350215,-0.08272548545649579,0.5024103218044345,-0.046641323452077374,-0.2719512230669041,-0.02308598149722439,0.05296435285766521,-0.4064814357669589,-0.4170671823528891,-0.0426427516980663,0.5958876906548298,0.47959984009237117,-0.07085280771518603,-0.23286564318908512,0.11543698493249689,-0.008004924164757666,0.4045262214710527,0.12621536514581688,0.07996016662854763,-0.15984622230797627,0.1412551369457344,-0.31984200596074125,-0.33235286765668987,0.298037785641841,0.11782529594476142,-0.040594521682804245,-0.1982509239586467,0.596370044349212,0.0672459371588205,-0.01547406963147345,-0.38784976186761044,-0.10101630904372537,0.3256965419380007,0.4537696779837796,-0.43819897170253413,-0.31979636377133164
CCONJ,0.08231163519772851,-0.17860941127964453,-0.037509535275988985,-0.11009725872671416,-0.37586085329245644,-0.020185053148153394,1.0,0.6618385817235551,-0.007933989741824304,-0.24833622600149885,-0.5117024148446517,0.055602979132608976,-0.1992701356392701,-0.1558465158124034,-0.20259230290692753,0.005784742253034535,-0.20175530222681642,-0.03217064440487336,0.27178883115442054,-0.09133500405908196,-0.10196060557658357,0.2613544151949511,-0.09567289623754054,-0.0212958493387265,-0.24532336211936448,-0.19951490753320267,-0.19692000972672877,0.14223929088209017,0.16336586486925328,-0.0999767002156764,0.9687705471056558,-0.23450244248412044,-0.43517167354814157,-0.4594954767538991,0.2591914210967468,-0.10482562908696381,0.11442087108437385,-0.06891154484113193,0.7606035661874533,-0.011192407756340303,-0.37239457967481904,-0.09272880691333416,-0.30026598856141057,0.1896042443820178,0.27638619644230167,-0.02535336916761282,-0.1905461612756256,0.09549195922404943,-0.49763761694412345,-0.4326827846015915,-0.22489840868811678,-0.13055628470792577
NOUN,-0.04542222974019792,0.05858930880605878,0.07134810996704852,0.4319528952139857,-0.5582391568256947,0.1961807234535687,0.6618385817235551,1.0,-0.14932690913568727,-0.2754370264294826,-0.15980521122235677,0.599768341601219,-0.49310571431797334,0.39732664327219236,0.14080731430135435,-0.3592068378066576,-0.3717952140201546,0.07668304393756685,-0.01955179570055045,-0.05847143733919365,0.08373356549901657,0.1970297150854096,-0.14784791737002506,-0.5078685422918767,-0.2775964190907556,-0.17383663879858696,0.26183174214355176,0.33317397362957235,0.3833612414832312,0.19625185388225871,0.6600934176914786,0.11883979802570324,-0.23227763103345958,-0.5168882720197053,0.3168268920335548,0.15185354024074435,0.32270002331792536,0.39680881098992354,0.37064087435218135,0.2496934130517423,-0.0847601338448303,0.1223240910276713,-0.09342806465693261,0.09356068136235075,0.3810518330706428,-0.3232383172963984,-0.4948117649095917,0.2924917331907744,-0.48305719051935164,-0.39356554785795755,-0.21250676821230882,0.021028534740037706
SCONJ,0.4904621169632014,-0.5105046429490234,0.08750841079571174,0.0018249305294790364,0.3928575123655676,-0.017321871857439147,-0.007933989741824304,-0.14932690913568727,1.0,-0.40710094569385935,-0.40008906898779273,-0.29842526684941006,-0.1492371612018183,-0.3613641291391751,-0.4411210124749618,-0.019671164858254694,0.5562673488784244,0.38579131681031514,-0.21309669201438178,-0.710460072520194,-0.47862242110833725,0.900776843867726,0.971286237074114,0.4824502960537035,-0.03487778136620723,-0.14204857717543734,-0.34542878520998815,-0.08290883009015212,-0.3665720843734675,-0.08880152382276081,0.1105805139274785,-0.08011985504413045,0.25024533310824204,0.20316509297470106,-0.7762670350451688,0.04633829983955243,-0.3939500385196787,-0.09720651270429645,0.26598083854215726,0.32345609436056133,-0.43078146588350824,-0.5517599976930327,-0.09845851921016269,0.0900250052001484,0.3413582393186198,0.21909206837435366,-0.2296303497242031,0.15067811512688986,-0.3217382644204655,0.20136249609276088,0.023447097264275147,-0.4661972795853563
VERB,-0.17164027274553628,0.3715046318212509,-0.4064646908673178,-0.1264567083344472,-0.050551904079249345,0.12475446298799893,-0.24833622600149885,-0.2754370264294826,-0.40710094569385935,1.0,0.41829051297433445,0.26559822663475285,0.00484349490652309,-0.15744957047415287,-0.3416898186307281,0.07692954320185166,0.07860410482590706,0.07645348996057243,0.5394385190983296,0.11202927780574752,0.17156444310920047,-0.5890967303796881,-0.44079600190896967,0.07735756809480486,-0.09082453914765612,-0.29202052079327073,0.2737176591111581,0.47930459927063157,-0.5429172663505786,0.34674494357308405,-0.18182061463479007,0.24732682302417158,-0.3424704148009356,0.27194812507931054,0.2953033475665962,0.3707962456491567,-0.24174834769869,-0.49718815260335775,-0.11814538519832454,-0.34371254122676603,0.48107075612294414,-0.28220121909296947,-0.15789652827343048,0.05396989812748682,-0.3855694299008165,0.3233165164560691,0.5148876248487029,-0.4959877841676942,0.3242435311997975,0.03476611930861447,-0.2892722804759585,0.30580121179323866
ADP,-0.47355278678021157,0.5595496690666835,-0.06573458594784329,0.020086186971530324,0.0929441310038154,0.23842079255766502,-0.5117024148446517,-0.15980521122235677,-0.40008906898779273,0.41829051297433445,1.0,0.41585740670220633,-0.3236298137757067,0.5022160655197522,0.3445724463018461,-0.2308731667107241,-0.5536802303805679,0.23289148420721706,0.07475064762907838,-0.0876967039977319,0.519602650227584,-0.5530811528070902,-0.23895940515694894,-0.5072781111005024,-0.16863965348624915,0.02016398210518873,0.26217359143592955,0.3123409539654944,0.1488256233600059,0.12003366104519476,-0.5108965075302151,0.2719795672858106,-0.02645414999889962,0.2828049933037226,0.5580498236301017,-0.008659219191149458,0.2614971430018156,0.25098279240808874,-0.5289654645674084,-0.2749934922241116,0.9592561427991014,0.540970361577419,-0.13010502055333645,-0.11631814414402625,0.10324423827528868,-0.3715915190287153,-0.003307522990105682,-0.08250974587877725,0.2709955710163665,0.3982267915987644,-0.18008551721256544,0.5205509579733784
PROPN,-0.43401507435231157,0.5324621359879056,0.17475142015898038,0.3364372912602132,-0.49357537047092,-0.05613668086931294,0.055602979132608976,0.599768341601219,-0.29842526684941006,0.26559822663475285,0.41585740670220633,1.0,-0.7088380261299484,0.5876335788469494,0.21361310817670648,-0.3884453741528336,-0.37433041973071285,0.20142792607632784,-0.027157276103117522,-0.18375859980242798,0.4356130183521256,-0.1856622629048678,-0.24957640488365357,-0.4489117080749163,-0.17648255600086638,-0.14196963834717136,0.2296798610626112,0.49521315757548523,0.19888366110291741,0.47640543502265614,0.057368346859252135,0.4532713665464667,-0.4816649389468875,-0.016038896629068024,0.423825884262533,0.40404111662892056,0.169142532802448,0.5171190942549764,0.07626193635917795,-0.07747548852926583,0.5394681194141814,0.15507719861403324,0.06779650202203524,-0.05251137112041271,0.3419060959572845,-0.3947667967770047,-0.11188847492163616,0.23677689337732352,-0.39841807283809444,-0.3455798363600027,-0.05757438769417051,0.4657726159168092
PRON,0.28431244074638384,-0.26173653386701556,-0.41488675096993,0.024366371273623226,0.08850916779782982,-0.11841883262598726,-0.1992701356392701,-0.49310571431797334,-0.1492371612018183,0.00484349490652309,-0.3236298137757067,-0.7088380261299484,1.0,-0.3813888562431775,-0.22984307510702898,0.11767475081900518,0.4611569001001288,-0.32024806184760274,-0.07727229234814102,0.6789589086188982,-0.24235041825805154,-0.1753746755099791,-0.24526444278584153,0.37661888839467034,0.4442574630262351,-0.03709542644995456,0.09838761748768418,-0.6657061659506408,-0.06825212345421411,0.05835730700317016,-0.24867749445505918,-0.5209749655741132,0.48066598780089126,-0.2661240691454971,-0.1876911085924124,-0.2305980691641977,-0.29627748050977215,-0.3778298261398658,-0.06936305714784502,0.2645333302474763,-0.3992968052988362,-0.07976126248409261,-0.12585566569592488,-0.2672038681275527,-0.6528128323902569,0.6487035153047012,0.24537918778352455,-0.5872655312158199,0.5024235322768632,0.1320438648555239,0.1642124015420877,-0.20798519377365307
NUM,-0.7592487140716316,0.7561385262029816,0.4465271135639511,0.2547919193825827,-0.5807724551352548,-0.02437713153045242,-0.1558465158124034,0.39732664327219236,-0.3613641291391751,-0.15744957047415287,0.5022160655197522,0.5876335788469494,-0.3813888562431775,1.0,0.6110275523361106,-0.3109581148942505,-0.48994694807365397,0.028028799098350536,-0.26570505560559177,-0.05498404269654051,0.8120746974859915,-0.3292537952499058,-0.27425426904632266,-0.7828389236258653,0.07865528081215684,0.35322015215581903,0.4830998280658333,0.26377173816970817,0.4209557669919946,0.2746467512258783,-0.2813784867480988,0.2303284086108452,-0.19045260670259256,-0.08504797834991641,0.30127593428513666,0.17686834994317563,0.3756347663152586,0.8617888363068192,-0.30838642795163934,-0.014747998150246293,0.4929289124947987,0.5169443085376845,0.2854158049305912,-0.297620287796022,0.4380842240309949,-0.5473479560516099,-0.2631469849083061,0.28165716606599145,-0.09018058822172742,-0.3290170777026259,0.13440578384040713,0.7269953960462939
ADJ,-0.4735799746842521,0.3492372708395957,0.5399613363582155,-0.1683592874860542,-0.03140531201763195,-0.11966429465588431,-0.20259230290692753,0.14080731430135435,-0.4411210124749618,-0.3416898186307281,0.3445724463018461,0.21361310817670648,-0.22984307510702898,0.6110275523361106,1.0,0.004570081831790808,-0.5871342982312021,-0.1712692066506926,-0.4340249195711031,0.261956473249672,0.4394129087878743,-0.35532166652908403,-0.3010674770728638,-0.6386639634844167,0.09244921298165888,0.5873310320570875,-0.012265819331060244,-0.07646464611598804,0.5465288121972754,-0.2897771389096464,-0.32189132696722494,0.35678059488365166,0.0019340652933248802,-0.04225972876069896,0.31736108251915063,-0.023870743890720122,0.8042841678343755,0.5963079503121225,-0.5751644409212289,-0.3866260123577543,0.24750480626931007,0.7642682886026546,0.6014383949174893,-0.1707587766077481,0.08337317179381415,-0.8595936353402648,-0.05510586816470976,0.6596005884444989,0.049460936628468774,-0.005669692558247198,0.2843797946976673,0.29907425010383987
advmod:emph,0.003524560215769285,-0.1938999551848125,0.11254184372350674,-0.31038711900365024,0.3338509806040306,-0.07545699939701034,0.005784742253034535,-0.3592068378066576,-0.019671164858254694,0.07692954320185166,-0.2308731667107241,-0.3884453741528336,0.11767475081900518,-0.3109581148942505,0.004570081831790808,1.0,0.014170575154198091,-0.1982433595028943,0.1730138818141369,-0.02494569896153488,-0.14917405739013667,-0.10356305633002319,-0.000231512447465331,0.41061350850380174,-0.4673999061060159,0.11750770567840799,-0.2583468766007964,0.11197861815130918,-0.09244114472375314,-0.7087222756995633,-0.02832402821524933,0.3470147036690861,-0.07289370229733011,0.2153389088267294,-0.24205473688967136,-0.3468290154396418,-0.254726510135447,-0.3257154146471901,-0.20375589851191228,-0.15344852051968225,-0.2682663676739803,-0.0560438973764162,0.2239090793167558,0.23768337539375034,-0.34718578000010697,0.0618534310725518,-0.042047913124606165,-0.033588781213535264,0.5166268049318167,-0.17149850153357535,-0.2733703341285312,-0.20769720659807753
obl:arg,0.4369208532464229,-0.3141094629933562,-0.255225723681807,0.0025643477066017314,0.12172552663905509,-0.27882541348350215,-0.20175530222681642,-0.3717952140201546,0.5562673488784244,0.07860410482590706,-0.5536802303805679,-0.37433041973071285,0.4611569001001288,-0.48994694807365397,-0.5871342982312021,0.014170575154198091,1.0,0.21890459739258075,-0.22694200983095683,-0.05933254895106702,-0.3997776510198033,0.4508787336328771,0.41305142259727645,0.6561167204510266,0.37276128602926606,-0.2748354185838993,-0.06623838988076175,-0.2647865307692072,-0.6768001324250704,0.36737853113891294,-0.11980750946343043,-0.09555188340880341,0.22917487421938884,-0.054403579320000915,-0.7791157264044251,0.42598528072658726,-0.5903184859812094,-0.3848129740356961,0.19034829725328525,0.2790467543358533,-0.5809847821135502,-0.7804159803061217,0.005196595012101516,-0.2842302154310637,-0.35158996344760346,0.7124998037342823,0.2726734247483403,-0.3220144751406556,0.03126526571198831,-0.022276443047919595,0.11526268409035668,-0.30196203403908584
flat,0.10878351651804843,-0.0010852997828909347,-0.4252844805784272,-0.04965128465149244,0.25496912348913403,-0.08272548545649579,-0.03217064440487336,0.07668304393756685,0.38579131681031514,0.07645348996057243,0.23289148420721706,0.20142792607632784,-0.32024806184760274,0.028028799098350536,-0.1712692066506926,-0.1982433595028943,0.21890459739258075,1.0,-0.4188805537938462,-0.5375005673121995,-0.019129318844824904,0.41165540415361146,0.46166703721346086,0.06025048281046604,-0.3457347904467404,-0.6614429310921519,-0.1557493626770513,0.19196941443780122,-0.30086309482246626,0.2832748389575109,0.07728824472248697,0.44488335921038785,0.07928680957632135,-0.3369317783587247,-0.08236824810148581,0.38123016920101027,-0.08654924154061897,0.018239059663082077,0.053762434482901016,0.05289613110533729,0.17613741345121986,-0.07075278576513847,-0.45678271672439685,-0.5487307196185092,-0.025606769926783977,0.038089749171253226,-0.28452957624858305,-0.1415922293484012,-0.03188296337071012,0.332850914324332,-0.5789508277648878,-0.016344562389591467
conj:expl,-0.029606493703214963,0.07276031567820766,-0.08141745013490334,-0.10000000000000002,-0.1449396256408037,0.5024103218044345,0.27178883115442054,-0.01955179570055045,-0.21309669201438178,0.5394385190983296,0.07475064762907838,-0.027157276103117522,-0.07727229234814102,-0.26570505560559177,-0.4340249195711031,0.1730138818141369,-0.22694200983095683,-0.4188805537938462,1.0,-0.04188780435232439,-0.005646387225176639,-0.35291056808696014,-0.2859008683154701,-0.019362703670703866,-0.1925837232833909,0.07560693593116512,0.2658209402572259,0.5331173002704267,-0.28352768123773947,-0.1352987995286992,0.31000053965073615,-0.2703739892896267,-0.37817148091951086,0.44215086577644447,0.26661404924276555,-0.14860303898160418,-0.16107698919319285,-0.5221424241717992,0.1999582047392065,-0.1944880826746433,0.1832237355857771,-0.316650464673985,-0.17738884428308668,0.7235864811484832,0.1437773740777679,0.21176042712639936,0.2604427094221517,-0.2583306152918636,0.04424713188254419,-0.10109002474268074,-0.15826767465934688,0.06520314709504758
nsubj,0.04977411536134224,-0.019547256610309264,-0.24155134861953123,0.1251229835800718,-0.1523616170657363,-0.046641323452077374,-0.09133500405908196,-0.05847143733919365,-0.710460072520194,0.11202927780574752,-0.0876967039977319,-0.18375859980242798,0.6789589086188982,-0.05498404269654051,0.261956473249672,-0.02494569896153488,-0.05933254895106702,-0.5375005673121995,-0.04188780435232439,1.0,-0.04182292650321752,-0.5647307796707889,-0.7489234183327346,-0.10637789740516394,0.36497246702820185,0.11480155365520456,0.22837007573578225,-0.4686762749759288,0.30108019401084385,0.07325983904606824,-0.17280116220018713,-0.23603746824339947,0.24557690596176057,-0.35530998629481325,0.3369588262589095,-0.12653856914864312,0.2300532857191182,-0.13622593441863737,-0.2267398467409204,0.014078792888054581,-0.1283495158383744,0.3138593748125369,0.13955861678804138,-0.13803156493697274,-0.6481052564108362,0.1398855634112381,0.2740040758432913,-0.23704901066661976,0.38232442202967704,-0.014691907786727342,0.225322281018736,-0.039257289529932196
root,-0.9781796902339164,0.9690049964137974,0.4091083720586593,-0.20440041022676672,-0.6289192641916471,-0.2719512230669041,-0.10196060557658357,0.08373356549901657,-0.47862242110833725,0.17156444310920047,0.519602650227584,0.4356130183521256,-0.24235041825805154,0.8120746974859915,0.4394129087878743,-0.14917405739013667,-0.3997776510198033,-0.019129318844824904,-0.005646387225176639,-0.04182292650321752,1.0,-0.5869689006762042,-0.4578025448015227,-0.5787760573620476,0.23631163481791878,0.3904488328279857,0.30759392546156467,0.29056160801237724,0.13847822764097234,0.31867871206315124,-0.2714527281625033,0.10357017324004375,-0.5505301262908174,0.07040373694918345,0.40602996545551934,0.24854349054284974,0.2608525186343599,0.6113323079871535,-0.1465729888125081,-0.41592583701303554,0.5841733556710839,0.3795677336764583,0.2368744966912552,-0.36656994332279913,0.3459967368231383,-0.3778541301138446,0.1997069092717429,0.08831709601014773,-0.07372843418038125,-0.45102814040535333,0.1930295134531172,0.9779956763502957
advcl,0.6070709091137041,-0.645808518080486,-0.0057016539277801,0.1708678789193427,0.2892965940215933,-0.02308598149722439,0.2613544151949511,0.1970297150854096,0.900776843867726,-0.5890967303796881,-0.5530811528070902,-0.1856622629048678,-0.1753746755099791,-0.3292537952499058,-0.35532166652908403,-0.10356305633002319,0.4508787336328771,0.41165540415361146,-0.35291056808696014,-0.5647307796707889,-0.5869689006762042,1.0,0.8780470283995603,0.3962410885876709,-0.1449913368782294,-0.29631389683762804,-0.36405086992248775,-0.16642740788301813,-0.1185403574194759,-0.07981353507078202,0.37439382129472293,-0.05638894751515437,0.2952515673681281,-0.15301189938328222,-0.6374091388587648,0.0012760028855717217,-0.2600538735600819,-0.0029558699461197,0.40620371035758995,0.4709655187895151,-0.5756757732226063,-0.41641643241478465,-0.1853978961582266,0.0333438045966635,0.2933389181108193,0.14597212641009652,-0.44773761163375875,0.21193309447690678,-0.4231646529339163,0.12521326116468248,-0.07964178237831035,-0.6073891843668551
mark,0.4694226760094367,-0.5046943387180229,0.09409384853264541,0.026852231131972052,0.5079511431473511,0.05296435285766521,-0.09567289623754054,-0.14784791737002506,0.971286237074114,-0.44079600190896967,-0.23895940515694894,-0.24957640488365357,-0.24526444278584153,-0.27425426904632266,-0.3010674770728638,-0.000231512447465331,0.41305142259727645,0.46166703721346086,-0.2859008683154701,-0.7489234183327346,-0.4578025448015227,0.8780470283995603,1.0,0.3849405965870829,-0.16183248979713383,-0.14155570788795846,-0.35338959107646273,-0.05231874910558726,-0.26181476324226016,-0.18792491866602498,0.030244953437886756,0.04400064575027408,0.3314796465903803,0.21761016566141586,-0.7056748618731403,-0.023551276702517682,-0.2943290031001073,-0.022686269875288878,0.11249085529200098,0.3129744810485453,-0.30474226732170306,-0.382667651282501,-0.10141634801765091,0.08221179776958491,0.34978660757890284,0.07184661965259653,-0.34944183148396046,0.21563491421997938,-0.24169454169230548,0.33127991371186566,-0.05990669982139062,-0.47368501913966277
det,0.49717931821435535,-0.5459988067856919,-0.27290027082964213,-0.14101640123387585,0.4167656186019368,-0.4064814357669589,-0.0212958493387265,-0.5078685422918767,0.4824502960537035,0.07735756809480486,-0.5072781111005024,-0.4489117080749163,0.37661888839467034,-0.7828389236258653,-0.6386639634844167,0.41061350850380174,0.6561167204510266,0.06025048281046604,-0.019362703670703866,-0.10637789740516394,-0.5787760573620476,0.3962410885876709,0.3849405965870829,1.0,-0.010006653202877082,-0.3711110135126446,-0.5824265512629357,-0.40645816888763797,-0.3299569241554203,-0.10423568440767228,0.034067583604227424,-0.15715103256543056,0.08232552355617927,0.12976415363079633,-0.496164720258422,-0.18893528903822057,-0.7390229712404282,-0.5054271231708266,0.3852859221173465,0.16775707608149432,-0.44368954541973343,-0.523087351920153,-0.22853565884693378,-0.0008203434765151752,-0.35241323503879596,0.6561584950515548,0.1907253280289601,-0.36194310554094844,0.047038945393893826,0.02212065924719718,0.005758514771596889,-0.475029738836122
advcl:pred,-0.19144770102857608,0.25813423590161066,0.2754658305502539,-0.19258372328339082,-0.31797608409879197,-0.4170671823528891,-0.24532336211936448,-0.2775964190907556,-0.03487778136620723,-0.09082453914765612,-0.16863965348624915,-0.17648255600086638,0.4442574630262351,0.07865528081215684,0.09244921298165888,-0.4673999061060159,0.37276128602926606,-0.3457347904467404,-0.1925837232833909,0.36497246702820185,0.23631163481791878,-0.1449913368782294,-0.16183248979713383,-0.010006653202877082,1.0,0.4589796323609477,0.03755189973258903,-0.49201829343967207,-0.13224757445661794,0.47163724649083555,-0.33654615795558257,-0.5187155125625444,-0.03827120632765369,0.0874458476169941,-0.16624804832896792,0.32153800752043304,0.10832090134755279,0.16159615308748673,0.06122890808019241,-0.17825706811990547,-0.138266942736222,-0.13760161806097368,0.3711141394213016,-0.293332521368518,0.03631602884373508,0.12036114172550062,0.649195711763145,0.07809949600130422,-0.2899724791668947,-0.15683095166955155,0.8386155227366592,0.3080550458791784
csubj,-0.45806108571298276,0.31937694373445896,0.8489006853773445,-0.3122493053132315,-0.16384717688716557,-0.0426427516980663,-0.19951490753320267,-0.17383663879858696,-0.14204857717543734,-0.29202052079327073,0.02016398210518873,-0.14196963834717136,-0.03709542644995456,0.35322015215581903,0.5873310320570875,0.11750770567840799,-0.2748354185838993,-0.6614429310921519,0.07560693593116512,0.11480155365520456,0.3904488328279857,-0.29631389683762804,-0.14155570788795846,-0.3711110135126446,0.4589796323609477,1.0,0.06967237303767526,-0.026326399365124174,0.16776138006525892,-0.33455491786479175,-0.3304797157894781,-0.14070264910452313,-0.1615006286890748,0.5088721791651438,-0.09430795674148316,-0.07080846702044571,0.449987549202239,0.34299093473129394,-0.35695820499290704,-0.39999493444934237,-0.006080730392438597,0.2078716561185079,0.7985865838997676,0.29271901561484226,0.36570952979919696,-0.5256878507409966,0.312141561540591,0.6098013080985855,-0.10246643897711907,-0.23971394453085274,0.7078186662585092,0.3177814385964518
xcomp,-0.18954857032437455,0.37512582563082303,-0.13119919906889937,0.5527402742229877,-0.47812153742364544,0.5958876906548298,-0.19692000972672877,0.26183174214355176,-0.34542878520998815,0.2737176591111581,0.26217359143592955,0.2296798610626112,0.09838761748768418,0.4830998280658333,-0.012265819331060244,-0.2583468766007964,-0.06623838988076175,-0.1557493626770513,0.2658209402572259,0.22837007573578225,0.30759392546156467,-0.36405086992248775,-0.35338959107646273,-0.5824265512629357,0.03755189973258903,0.06967237303767526,1.0,0.4317521713493184,-0.09692712309921338,0.3757109007852845,-0.18470460425158627,0.005441356834552959,0.17997762663975594,-0.08735305887457613,0.06782456182752367,0.2528976086261818,0.00965435225698615,0.09327934525482343,-0.3541698275300725,0.3513035569281486,0.1878995355839875,-0.06476038909684041,0.03790791257272754,0.07036137020784518,-0.019174899923215735,0.1428208020755557,-0.17689658011644077,-0.29239893423927715,0.346577038122888,-0.09484508303540952,-0.16621258281598522,0.29280793601208416
obl,-0.2904131299420689,0.38521576147324066,0.1005557449453788,-0.009700866316942508,-0.22398054981818352,0.47959984009237117,0.14223929088209017,0.33317397362957235,-0.08290883009015212,0.47930459927063157,0.3123409539654944,0.49521315757548523,-0.6657061659506408,0.26377173816970817,-0.07646464611598804,0.11197861815130918,-0.2647865307692072,0.19196941443780122,0.5331173002704267,-0.4686762749759288,0.29056160801237724,-0.16642740788301813,-0.05231874910558726,-0.40645816888763797,-0.49201829343967207,-0.026326399365124174,0.4317521713493184,1.0,-0.3825712075191188,0.024172589001132477,0.21806118729499283,0.5101277420067786,-0.4586281346424379,0.27189781387982026,0.12976217969748371,0.3947296021814663,0.08231219728746593,-0.08370236844800044,-0.10047255362678295,-0.23288608159650642,0.34029900213502684,-0.24552113124135239,0.06366334755536292,0.3737514018613122,0.2993531518844552,-0.22632280682501185,-0.07862578403685971,0.11192801832649198,-0.005763242599101198,-0.1843863658195901,-0.4624105651766355,0.28337405004816146
nmod,-0.1707982562942559,-0.009530581626484534,0.21423882034067585,0.34911696187346825,-0.14272012923697117,-0.07085280771518603,0.16336586486925328,0.3833612414832312,-0.3665720843734675,-0.5429172663505786,0.1488256233600059,0.19888366110291741,-0.06825212345421411,0.4209557669919946,0.5465288121972754,-0.09244114472375314,-0.6768001324250704,-0.30086309482246626,-0.28352768123773947,0.30108019401084385,0.13847822764097234,-0.1185403574194759,-0.26181476324226016,-0.3299569241554203,-0.13224757445661794,0.16776138006525892,-0.09692712309921338,-0.3825712075191188,1.0,-0.26006932218563283,0.03804081749211984,-0.15341227420454742,0.14139498675643536,-0.2751509284698463,0.48470515506839834,-0.6366698635838665,0.3265266751973439,0.6158123794547722,-0.023422131047564757,0.22804793116067987,0.16924856739092844,0.8121037573875036,-0.031151167313288847,-0.00583898531764612,0.19774426622427105,-0.4538952576182231,-0.49273235060649445,0.2353041383890507,-0.09085490866626943,-0.0769337437177549,0.14567613822149914,0.03613395987333265
advcl:cmpr,-0.1961479703423886,0.44537016164467025,-0.2610043767014026,0.2975050526222052,-0.5710771456296956,-0.23286564318908512,-0.0999767002156764,0.19625185388225871,-0.08880152382276081,0.34674494357308405,0.12003366104519476,0.47640543502265614,0.05835730700317016,0.2746467512258783,-0.2897771389096464,-0.7087222756995633,0.36737853113891294,0.2832748389575109,-0.1352987995286992,0.07325983904606824,0.31867871206315124,-0.07981353507078202,-0.18792491866602498,-0.10423568440767228,0.47163724649083555,-0.33455491786479175,0.3757109007852845,0.024172589001132477,-0.26006932218563283,1.0,-0.0913254003319632,-0.12585286452951144,-0.18181561046630995,-0.2583647884758039,0.07413087068143454,0.6395343016650477,-0.2121811261940079,0.19601980087231266,0.2764455584849318,0.1549740125719727,0.2125883805727971,-0.2812724488312112,-0.20129850490967913,-0.5021927394556297,0.01719150499544541,0.3528893684219669,0.256263121877132,-0.34951822130499366,-0.2931292336581909,-0.22204976341380128,0.14056373444835063,0.44510701529392055
cc,0.26431738544225397,-0.3145886312621209,-0.1580241638915564,-0.052625137976818386,-0.24072498485037408,0.11543698493249689,0.9687705471056558,0.6600934176914786,0.1105805139274785,-0.18182061463479007,-0.5108965075302151,0.057368346859252135,-0.24867749445505918,-0.2813784867480988,-0.32189132696722494,-0.02832402821524933,-0.11980750946343043,0.07728824472248697,0.31000053965073615,-0.17280116220018713,-0.2714527281625033,0.37439382129472293,0.030244953437886756,0.034067583604227424,-0.33654615795558257,-0.3304797157894781,-0.18470460425158627,0.21806118729499283,0.03804081749211984,-0.0913254003319632,1.0,-0.1726779417278634,-0.3423180962932953,-0.42994575456061684,0.18684914901916777,-0.04637405343061734,0.06871327708397174,-0.21015050081072187,0.7463492856263327,0.05058151340675942,-0.3912494759157655,-0.21567532824981867,-0.37628666839946157,0.2673654790695152,0.2385985215308624,0.03686281684169326,-0.2293047245178639,0.06693737858317088,-0.4818995293332962,-0.28466631792388747,-0.33759696627660385,-0.28606518947948567
nsubj:pass,-0.15393847795111879,0.17536391975107077,0.0798902835786619,-0.04689550696341995,0.20031445190621144,-0.008004924164757666,-0.23450244248412044,0.11883979802570324,-0.08011985504413045,0.24732682302417158,0.2719795672858106,0.4532713665464667,-0.5209749655741132,0.2303284086108452,0.35678059488365166,0.3470147036690861,-0.09555188340880341,0.44488335921038785,-0.2703739892896267,-0.23603746824339947,0.10357017324004375,-0.05638894751515437,0.04400064575027408,-0.15715103256543056,-0.5187155125625444,-0.14070264910452313,0.005441356834552959,0.5101277420067786,-0.15341227420454742,-0.12585286452951144,-0.1726779417278634,1.0,-0.11803763105863371,0.014715856658010614,-0.045167940825247346,0.4062645938046331,0.18593363630862128,0.09918752973417667,-0.46817172177524896,-0.23426744691851034,0.19137183657894255,0.08102178583143922,0.32257724245864305,-0.13606299157340684,-0.21046270185383492,-0.4056180983764576,-0.16701093957876736,0.3044193263569916,0.24436622848923178,-0.003944444808760097,-0.4253173046190966,0.04569506570124833
discourse,0.6352032472947956,-0.592491363432441,-0.38635564010404194,0.46015388959718706,0.5478025822869881,0.4045262214710527,-0.43517167354814157,-0.23227763103345958,0.25024533310824204,-0.3424704148009356,-0.02645414999889962,-0.4816649389468875,0.48066598780089126,-0.19045260670259256,0.0019340652933248802,-0.07289370229733011,0.22917487421938884,0.07928680957632135,-0.37817148091951086,0.24557690596176057,-0.5505301262908174,0.2952515673681281,0.3314796465903803,0.08232552355617927,-0.03827120632765369,-0.1615006286890748,0.17997762663975594,-0.4586281346424379,0.14139498675643536,-0.18181561046630995,-0.3423180962932953,-0.11803763105863371,1.0,-0.20044694594491302,-0.3392714057948189,-0.3178031925754514,-0.0671104815310295,-0.14223844513256334,-0.4595203486571802,0.6248406606803942,-0.24805896985993325,0.12668543251089787,-0.16465374102994848,-0.06741934694188825,-0.3795983508273712,0.22916094415886096,-0.44222001863758154,-0.2100280797841518,0.505669596607604,0.6823620275393788,-0.13583800560164322,-0.6087681011755893
csubj:pass,-0.1649813642989397,0.1372570656282771,0.4891221829149807,-0.23675594236364253,0.2577916630260898,0.12621536514581688,-0.4594954767538991,-0.5168882720197053,0.20316509297470106,0.27194812507931054,0.2828049933037226,-0.016038896629068024,-0.2661240691454971,-0.08504797834991641,-0.04225972876069896,0.2153389088267294,-0.054403579320000915,-0.3369317783587247,0.44215086577644447,-0.35530998629481325,0.07040373694918345,-0.15301189938328222,0.21761016566141586,0.12976415363079633,0.0874458476169941,0.5088721791651438,-0.08735305887457613,0.27189781387982026,-0.2751509284698463,-0.2583647884758039,-0.42994575456061684,0.014715856658010614,-0.20044694594491302,1.0,-0.21135640415048268,-0.07469259791452447,-0.1422277619707009,-0.11134382859938424,-0.2567471411798523,-0.33743497732675914,0.3192606005026447,-0.22083587791736375,0.3862483523486856,0.5729007534025637,0.33188978479243747,-0.14132780824440874,0.3787713488802233,0.2403922061300882,-0.029711757797562275,0.08942293576721841,0.3736926026857544,0.12791920565750428
acl,-0.3972611064923558,0.4018532273659239,-0.1858180110072597,-0.05837848092006064,-0.259607953165038,0.07996016662854763,0.2591914210967468,0.3168268920335548,-0.7762670350451688,0.2953033475665962,0.5580498236301017,0.423825884262533,-0.1876911085924124,0.30127593428513666,0.31736108251915063,-0.24205473688967136,-0.7791157264044251,-0.08236824810148581,0.26661404924276555,0.3369588262589095,0.40602996545551934,-0.6374091388587648,-0.7056748618731403,-0.496164720258422,-0.16624804832896792,-0.09430795674148316,0.06782456182752367,0.12976217969748371,0.48470515506839834,0.07413087068143454,0.18684914901916777,-0.045167940825247346,-0.3392714057948189,-0.21135640415048268,1.0,-0.19528452602965093,0.4576910393538169,0.14239213126803835,0.04471908357740856,-0.3516479126228054,0.6467671436577325,0.656406936407489,-0.3076418625135757,-0.02370544534202307,0.01812445692025432,-0.3531583240187317,0.052920866354238295,-0.0880810511061532,-0.02919220827729151,0.025194365931170058,-0.1772796607571095,0.40443473126667046
expl:pass,-0.18302012375545898,0.3996355768528546,0.03363092889789948,-0.14860303898160415,-0.3160405899778941,-0.15984622230797627,-0.10482562908696381,0.15185354024074435,0.04633829983955243,0.3707962456491567,-0.008659219191149458,0.40404111662892056,-0.2305980691641977,0.17686834994317563,-0.023870743890720122,-0.3468290154396418,0.42598528072658726,0.38123016920101027,-0.14860303898160418,-0.12653856914864312,0.24854349054284974,0.0012760028855717217,-0.023551276702517682,-0.18893528903822057,0.32153800752043304,-0.07080846702044571,0.2528976086261818,0.3947296021814663,-0.6366698635838665,0.6395343016650477,-0.04637405343061734,0.4062645938046331,-0.3178031925754514,-0.07469259791452447,-0.19528452602965093,1.0,0.1378653113272443,0.0031312719753182057,-0.022628254108496133,-0.28901520131157454,-0.005181488164935569,-0.46000622958194326,0.30444807581395217,-0.34379715699119706,-0.04157990082547722,-0.012187400849503167,0.4140898731731112,0.14628800020904037,-0.24150371552703487,-0.2074073067473207,0.05920715689353094,0.3109584735531567
amod,-0.2463168074501414,0.2056130462697344,0.32969124167912667,-0.30639492516666517,-0.02177629612232389,0.1412551369457344,0.11442087108437385,0.32270002331792536,-0.3939500385196787,-0.24174834769869,0.2614971430018156,0.169142532802448,-0.29627748050977215,0.3756347663152586,0.8042841678343755,-0.254726510135447,-0.5903184859812094,-0.08654924154061897,-0.16107698919319285,0.2300532857191182,0.2608525186343599,-0.2600538735600819,-0.2943290031001073,-0.7390229712404282,0.10832090134755279,0.449987549202239,0.00965435225698615,0.08231219728746593,0.3265266751973439,-0.2121811261940079,0.06871327708397174,0.18593363630862128,-0.0671104815310295,-0.1422277619707009,0.4576910393538169,0.1378653113272443,1.0,0.2801346591402903,-0.34497733670832126,-0.5138109828454427,0.17986435263057673,0.5791162235469431,0.3908723498025691,0.0009721227873495981,0.15012953137257545,-0.8259707919175574,0.06971260326306128,0.6615222693174441,-0.1607647782559261,0.16440383718056198,0.16255805652988567,0.14655341046018386
nummod,-0.5985738544874538,0.5050323924206526,0.5779843483017345,0.2637004726698795,-0.4739544822714916,-0.31984200596074125,-0.06891154484113193,0.39680881098992354,-0.09720651270429645,-0.49718815260335775,0.25098279240808874,0.5171190942549764,-0.3778298261398658,0.8617888363068192,0.5963079503121225,-0.3257154146471901,-0.3848129740356961,0.018239059663082077,-0.5221424241717992,-0.13622593441863737,0.6113323079871535,-0.0029558699461197,-0.022686269875288878,-0.5054271231708266,0.16159615308748673,0.34299093473129394,0.09327934525482343,-0.08370236844800044,0.6158123794547722,0.19601980087231266,-0.21015050081072187,0.09918752973417667,-0.14223844513256334,-0.11134382859938424,0.14239213126803835,0.0031312719753182057,0.2801346591402903,1.0,-0.07143915951013918,0.09946356237183115,0.2826110547466481,0.5260107357617779,0.2897342278841699,-0.3373781108458217,0.5485090699259466,-0.5573334581404504,-0.3375230592179036,0.44187213591984054,-0.35996237662735736,-0.3714940757989577,0.35365145663070596,0.5287344616654708
