,len,PUNCT,AUX,ADV,PART,CCONJ,NOUN,SCONJ,VERB,ADP,PROPN,PRON,NUM,ADJ,advmod:emph,obl:arg,aux,flat,nsubj,root,advcl,mark,det,advcl:pred,csubj,xcomp,obl,nmod,advcl:cmpr,cc,nsubj:pass,discourse,csubj:pass,acl,amod,nummod,conj,appos,case,xcomp:pred,aux:pass,advmod:neg,cop,obj,ccomp,fixed,acl:relcl,advmod,orphan,punct
len,1.0,-0.8520072251102159,-0.20321858050908856,0.039906706032526856,0.4266504067596536,0.7152260816200945,0.06061486657200049,0.03715837537616621,-0.6411138427821789,-0.03598512439126561,-0.20943134177727527,-0.13919774565258936,-0.6690879798026812,0.5642907481546804,0.6434754916157445,-0.174282976228973,-0.5046924399853225,-0.466345126561639,-0.27702371457779357,-0.9980454349944582,-0.5931331873119495,0.146512855073737,0.39885588350151313,-0.3230031615906064,0.03332421079067054,-0.07585177724227606,-0.058573831613759904,0.31189384865693137,0.5136537986635835,0.5766221073244165,0.3971964941944279,0.3319312684783811,0.1909446165776241,0.09033962152765335,0.4885248396631883,-0.279744243315636,0.5067931527888335,0.4437255932350955,-0.1353582769829296,-0.16242637706626953,0.06577577495690695,-0.07219970281007598,-0.4893152307533769,-0.7834157967240274,-0.6635490209559044,0.0513764822917706,-0.04669778418089804,0.08044069789979107,0.24813339994760564,-0.953862559380608
PUNCT,-0.8520072251102159,1.0,0.4028299654703726,0.08541018088550519,-0.6575139175552736,-0.42896304923095574,-0.3137244016100786,-0.049771363425554924,0.5002813723862429,-0.045725195568259984,0.3819339922154382,-0.05691280500541779,0.8885457731048144,-0.3084746777722997,-0.5471297779707547,-0.025162549114267824,0.7108327429261643,0.6326221053060492,0.36882178161373874,0.8543628730537376,0.5470587527169759,-0.18430509422919977,-0.44895730806721246,0.22775054252189803,0.015340034552825246,0.43368350556490776,-0.0008442032364178388,-0.5204212880687874,-0.48404160042604333,-0.321484836892884,-0.5981037327053764,-0.5126911749052051,-0.23565841755464523,0.002087920844054948,-0.607233815325875,0.4433919376494804,-0.4300614579648628,-0.5188356353758561,0.1850787366205182,0.2517106876872745,-0.133170393882309,0.3771247058237127,0.5986855030484793,0.8535039084395983,0.6591641474328037,-0.040699949170615174,-0.14056818339878951,-0.05667596327821085,-0.01177672197641207,0.9141216019193639
AUX,-0.20321858050908856,0.4028299654703726,1.0,0.42177250884684947,-0.4399643601023593,-0.09547483886825149,-0.32777676266127204,-0.26512542929474847,-0.15372802176367326,-0.46433823645307293,0.3877014632039854,0.3799554945466628,0.3441907582962167,0.07064909317041547,0.4147618164048016,-0.08797587472609188,0.3167299604311695,-0.0299176143866987,0.47723269441191124,0.20033638310112437,-0.18120663865116585,-0.4051648609090469,-0.5315293184115213,-0.22002096145050862,0.4570075819525529,0.01982254620161778,-0.34742747301392596,-0.23818891393521188,-0.04183253972158563,-0.05557417971964594,-0.06398265444521331,-0.2637533476301175,0.30701939263749695,0.3941051455077738,-0.32694795506343943,0.265704144809875,-0.09040444921115624,0.21921032131763882,-0.3279194420566357,-0.13746472784943953,0.5729432381820532,-0.013756355358792417,0.7634406920348912,0.23529299423480557,0.5303380969947963,-0.3265742770599358,0.3061246808544228,0.06977253184213594,0.20696064312950255,0.3362445575146
ADV,0.039906706032526856,0.08541018088550519,0.42177250884684947,1.0,-0.4583689298922625,-0.14550260528831196,-0.382240711665393,0.2237286376098817,-0.4201016559341444,-0.38502200079211235,0.2627492582802079,0.21656328914321477,0.14549041944483107,0.2885602875808556,0.07836897952144001,0.48232942927554734,0.09871246076582817,0.3503665884793275,0.182038351757821,-0.023661071815554352,0.04917608114928158,0.21812765957839025,0.02309719117153187,0.5129003363641274,-0.20149410643454999,-0.03465382101864069,-0.46126706067581424,-0.20174991774705953,0.3405013860112218,-0.1094089108811829,-0.5368756721354189,-0.1259097731374865,0.12373025051383317,0.04847957283458611,-0.3890543632770827,-0.16249378741475837,0.0705779553899899,0.2602293821041845,-0.5226294392331756,0.3112433819323206,-0.0009160911247396098,-0.3489657585200961,0.6249416059183517,-0.07446033738383977,-0.2769500244713783,-0.6563605535103946,0.6483112521346116,0.8326887066766379,0.27277705014027637,0.04369714115050309
PART,0.4266504067596536,-0.6575139175552736,-0.4399643601023593,-0.4583689298922625,1.0,0.3362033172246864,0.2873338184096335,-0.534993975062547,0.19332419308870577,0.4153141212831693,-0.34319500886058396,-0.05084423144503822,-0.41692623528752354,0.15524492932512104,0.1295643645879346,-0.06324139540646377,-0.40948235507021535,-0.4276824802361059,-0.373712784574311,-0.4201685784413745,-0.40707241133069005,-0.3760794688255121,0.21386556631149087,-0.23192922481486855,-0.01976488032210667,-0.324170721784009,0.2524900953587644,0.20389057254965012,0.16765951321596792,0.37018226886963,0.7249449698163554,0.15776792227996372,0.03323083594175212,-0.001993799504660612,0.7341791366953919,-0.061381538861219304,0.4432196731356437,0.5842983176191353,0.06238959788597135,-0.19862181490903116,0.15155061653336363,-0.060810194927707145,-0.6361581172596451,-0.5974399401342576,-0.14352927729123272,0.6064450434806214,0.10111019284937,-0.08834672400989424,-0.5237409818797016,-0.4950045313106664
CCONJ,0.7152260816200945,-0.42896304923095574,-0.09547483886825149,-0.14550260528831196,0.3362033172246864,1.0,-0.05722149118101496,-0.3169471735320932,-0.42549515129956567,-0.04223263660562987,-0.38134931355704105,-0.21573649265987396,-0.24226055556472473,0.26611821234423105,0.41132871174723756,-0.3910674858956557,-0.3154782589724678,-0.27552885456765114,-0.12363716685743521,-0.7113447169055461,-0.5558407951038609,-0.22770061187435342,0.3668985423908305,-0.37457554034721136,0.23793696363970032,0.0652281306549083,-0.3189118056269708,0.20196316530378605,0.07016766501245349,0.9669637977412929,0.28561079471637413,0.3454462007922752,-0.04828043018831431,-0.3153265323992061,0.18853305090710404,0.2267737438708415,0.7306641544115601,0.06585987878891413,-0.11312503032776014,0.10597050218890133,0.07390860643631238,0.2702035175191275,-0.43532334145343604,-0.2880156414983598,-0.12296402802640935,0.25068675710186766,-0.2788359470713235,-0.08945596046265723,0.21233720249624752,-0.6127995277506636
NOUN,0.06061486657200049,-0.3137244016100786,-0.32777676266127204,-0.382240711665393,0.2873338184096335,-0.05722149118101496,1.0,0.022728665097866033,-0.27058411043031916,-0.29263991251479665,-0.3825890112454705,-0.36649434465760256,-0.45841573580560757,-0.2104452600394891,-0.18752974547625648,-0.5475490760816073,-0.42275834053486744,-0.05649195494657499,0.336399582273369,-0.09174959931055394,-0.5633159324134881,-0.05551883715716652,0.08924276607562719,-0.23236124041621728,0.21392369277699289,-0.48471176215385325,0.2626660477306949,0.8507961391252246,0.4745368572430748,-0.09671866150510211,0.2367857961515688,0.15095507689896445,-0.17742700652207233,-0.0055713389751611605,0.5649496972149626,-0.36653967172457413,-0.001709419716827178,-0.039050242710825016,-0.19357367670176673,-0.7478826330029651,-0.14808332014047304,-0.623258024917027,-0.22012090060827705,-0.06347352223832081,-0.07756761028291598,0.14807251821618309,0.1216104848628722,-0.06598416056222212,-0.42373350930633147,-0.23140141881316215
SCONJ,0.03715837537616621,-0.049771363425554924,-0.26512542929474847,0.2237286376098817,-0.534993975062547,-0.3169471735320932,0.022728665097866033,1.0,-0.3570764404447189,-0.31164497199434904,0.2715924563208517,0.09088514453369158,-0.20729608798232532,-0.19252878405400692,-0.04353363768296287,0.2999254837577569,0.10442084701274024,0.07329117125415907,0.09387812201469375,-0.029171013098003684,0.36436016567135276,0.9694290040160953,-0.01454762349480799,0.09130579731101045,-0.5036798720084702,0.2402778925125096,-0.06956875711463625,0.1543441802492232,0.0641699301509424,-0.4900835097894189,-0.5095756102608232,0.23903915072325863,-0.24292412309041977,-0.042391865137621616,-0.3678717015455255,-0.20622258678090635,-0.23904268143234364,-0.41137542574162167,-0.10322520291122467,0.043051069914334196,-0.5298700858718303,-0.11490113857993153,0.1062437816087968,0.1264369976104053,-0.5162660804326304,-0.3928119088084931,-0.0775898020276883,-0.001853221398232877,0.6445285230417129,-0.024051999447828924
VERB,-0.6411138427821789,0.5002813723862429,-0.15372802176367326,-0.4201016559341444,0.19332419308870577,-0.42549515129956567,-0.27058411043031916,-0.3570764404447189,1.0,0.6789051271104687,0.185247747282785,-0.006419371277929251,0.5645118968582887,-0.1874505054627476,-0.5276881590491483,0.20079679246967688,0.4399214542576013,0.22681337080729502,-0.28501502221441666,0.6520576339509134,0.6291618546996169,-0.31789803860163346,-0.23758283088505316,0.20189629554695157,-0.18748570234547818,0.2630959778710756,0.4572017098312621,-0.6217084045787242,-0.5567919308444395,-0.2975212567531058,0.044501897063736584,-0.43390741454269766,-0.09313220766100071,0.06330187870016807,-0.038735505727161786,0.29857123828231136,-0.36330817113428204,-0.08591724737166698,0.5959738448522587,0.27043009545170993,-0.037362290149921665,0.5015453025506174,-0.0891635614679201,0.3046800961317167,0.4512897993067168,0.4838446380798287,-0.24091823641395654,-0.2845107890545787,-0.4744357735593796,0.6036003457604141
ADP,-0.03598512439126561,-0.045725195568259984,-0.46433823645307293,-0.38502200079211235,0.4153141212831693,-0.04223263660562987,-0.29263991251479665,-0.31164497199434904,0.6789051271104687,1.0,-0.2337157325246498,-0.2191240818883105,0.03606492489505014,0.3096127679018912,-0.20097427916595564,0.1823245289846012,-0.13852495594847294,-0.039234023090754744,-0.8583795712402508,0.02999005520431421,0.4602170257467551,-0.18184515779557667,0.42830906822817844,0.37187650465806327,-0.04078397002372139,0.058114060911237664,0.5714513222095635,-0.484312332460332,-0.2576231473787117,0.028267658355171393,0.34800123144012746,-0.1862920608226916,0.34315254623281854,-0.012304717276584012,0.28780852157266457,-0.22897869387951558,-0.322266516747818,0.051014152303784796,0.8415340657193953,0.3858701976268251,0.088879090970943,0.4017568825725431,-0.6396920290221796,-0.3314981298236409,-0.12952288213889307,0.27709705731446277,-0.47628549788034913,-0.18113967204302778,-0.47000707676157816,-0.08226362975903416
PROPN,-0.20943134177727527,0.3819339922154382,0.3877014632039854,0.2627492582802079,-0.34319500886058396,-0.38134931355704105,-0.3825890112454705,0.2715924563208517,0.185247747282785,-0.2337157325246498,1.0,0.09311312547605795,0.5485499600348246,0.13374065985583766,-0.06663414817449287,0.1529969699866456,0.8635774920956314,0.3388541388000259,0.43554427702716836,0.2457662431084043,0.28987287336257583,0.21343392036994263,-0.8206181278237672,-0.21708557508383516,-0.5211338330836576,0.724976896716302,0.1644209865608489,-0.5630357116844464,0.038156996422748814,-0.4586076510283841,-0.4882496476276833,-0.618442397190838,-0.3583841936172169,0.6607325319941072,-0.21541993939992862,0.38504788071458496,-0.16930604898689328,0.21096368918510164,-0.08444132170460462,-0.12932139968245981,-0.31884753910536173,0.3766405565793918,0.6209613360520577,0.2515725986701739,0.050654053934762924,0.2109172194521212,0.2045419319455889,0.05823545507524486,0.32638519093677776,0.4107257223022587
PRON,-0.13919774565258936,-0.05691280500541779,0.3799554945466628,0.21656328914321477,-0.05084423144503822,-0.21573649265987396,-0.36649434465760256,0.09088514453369158,-0.006419371277929251,-0.2191240818883105,0.09311312547605795,1.0,-0.1369546064530487,-0.48194234684642595,0.47318160671903003,0.6486369090995017,-0.011816784020180238,-0.5663428601593908,-0.011343884875290521,0.15861973770560844,0.1836434492255797,0.1268045642381434,-0.2580765650638776,-0.11961935111091886,-0.005433420100639861,-0.285463627066359,-0.6157210681006419,-0.059965994452992624,-0.4819488685799635,-0.193652502742988,0.2004889523080216,0.5038690981668711,0.21282630881787848,-0.16614407637152712,-0.4983119313844328,0.2851452091974454,0.1584104554758281,0.14877955018197977,-0.40860317898681947,0.2640864668259019,0.48955638902096077,-0.10726042388006694,0.3022948558950409,0.06978454270435609,0.2836397148085674,-0.3269734482382955,0.3491934197525299,-0.1488409740926242,0.41639005907672455,0.20407586570014816
NUM,-0.6690879798026812,0.8885457731048144,0.3441907582962167,0.14549041944483107,-0.41692623528752354,-0.24226055556472473,-0.45841573580560757,-0.20729608798232532,0.5645118968582887,0.03606492489505014,0.5485499600348246,-0.1369546064530487,1.0,-0.0985456070352665,-0.5644603614441132,0.027306815831999613,0.8587761493604347,0.7199631108168802,0.3456873861332345,0.6928293468076521,0.47455646094873094,-0.27070168601570066,-0.5223689016785144,0.18038157646496197,-0.22608777316560175,0.6376232354547069,0.028519903142678965,-0.7084595776841653,-0.37941743768813485,-0.12626557704344896,-0.6156487272111804,-0.6719398497495539,-0.41003446902790686,0.09466267582920264,-0.4694708546992174,0.6093248274028751,-0.1528875992080634,-0.23598190390019444,0.12677638497801932,0.3163821094219639,-0.27014301766187043,0.5527104916428097,0.5644616481464215,0.7034589419690069,0.5537726877466813,0.24562637813868446,-0.018164702354369337,0.10320030681624547,-0.054702871547884314,0.8097869447652488
ADJ,0.5642907481546804,-0.3084746777722997,0.07064909317041547,0.2885602875808556,0.15524492932512104,0.26611821234423105,-0.2104452600394891,-0.19252878405400692,-0.1874505054627476,0.3096127679018912,0.13374065985583766,-0.48194234684642595,-0.0985456070352665,1.0,0.25254662686973045,-0.17940405309157967,-0.11839403794042325,0.12873359538996476,-0.33028897033160604,-0.5706911223077185,-0.24053202648669086,-0.1508187753341447,0.2585954624560309,0.15072232766691235,0.0630158954827336,0.17189140314529208,0.430584938986629,-0.29318575814043074,0.6398271819094135,0.22127875093209662,0.10096735664133956,-0.4826967178601199,0.4124328320149747,0.557354936754931,0.5200344863381166,-0.46651041589058745,-0.09780845559432474,0.5516822022853026,0.2889816658477933,-0.09554755917350502,0.08233650620634897,0.06401343276239796,-0.16341317180556086,-0.6894815362530486,-0.5468618814042915,-0.01291739813515642,-0.01821153934978023,0.39712531518832084,-0.1829624100973652,-0.5472953660439488
advmod:emph,0.6434754916157445,-0.5471297779707547,0.4147618164048016,0.07836897952144001,0.1295643645879346,0.41132871174723756,-0.18752974547625648,-0.04353363768296287,-0.5276881590491483,-0.20097427916595564,-0.06663414817449287,0.47318160671903003,-0.5644603614441132,0.25254662686973045,1.0,-0.025705858949027542,-0.3858721702091471,-0.8085147501269536,-0.14656094997791888,-0.6500447752279457,-0.4503997240754592,-0.026476142289913924,0.03404913526451402,-0.5044237929103985,0.4228301216696201,-0.23790020593664743,-0.31686004875506185,0.17510796466378367,0.09432219119029102,0.30190119641182295,0.5702317105009614,0.4304055607684547,0.560323591576139,0.21837175017519764,0.10455062371889393,-0.09019921193388289,0.23965203019922166,0.4042798032854347,-0.19999282152295572,-0.16879522435827754,0.6595409851424843,-0.06734293349821667,-0.08870332221060816,-0.524102436959263,-0.12787519684688248,-0.2560170712295155,-0.0023197460460656467,-0.24080790006805028,0.44454773432175765,-0.5709493963625077
obl:arg,-0.174282976228973,-0.025162549114267824,-0.08797587472609188,0.48232942927554734,-0.06324139540646377,-0.3910674858956557,-0.5475490760816073,0.2999254837577569,0.20079679246967688,0.1823245289846012,0.1529969699866456,0.6486369090995017,0.027306815831999613,-0.17940405309157967,-0.025705858949027542,1.0,0.0732664465989252,-0.053964047422875326,-0.3599259278632901,0.2072762331046245,0.6071548862319306,0.4294071369921589,0.07068116202310934,0.5263702456951443,-0.5365823369601702,-0.06889222318141773,-0.3390738261570137,-0.3853927034594452,-0.30731968883289,-0.3376415426715728,-0.20192057827700607,0.22570051429414262,0.07567553547899393,-0.24188158566238058,-0.4766239401999884,0.012011407270735906,0.01033281264888463,0.13563270755831514,-0.15465824094435804,0.6565655854734527,-0.01049721534974987,-0.05495916680088734,0.15479276049326213,-0.07129095716396867,-0.20289735447625198,-0.3496379493001729,0.38256049727336494,0.32793410050206845,0.23732239498484367,0.1938193409869085
aux,-0.5046924399853225,0.7108327429261643,0.3167299604311695,0.09871246076582817,-0.40948235507021535,-0.3154782589724678,-0.42275834053486744,0.10442084701274024,0.4399214542576013,-0.13852495594847294,0.8635774920956314,-0.011816784020180238,0.8587761493604347,-0.11839403794042325,-0.3858721702091471,0.0732664465989252,1.0,0.5539472694633741,0.47355659464346145,0.5415968301883805,0.451694766473804,0.040159575145514596,-0.7920385536458101,-0.12499999999999999,-0.47997680418957855,0.8213747118041724,0.08678616035715483,-0.6554564165659408,-0.28855992370389527,-0.3126448508639353,-0.6240593396895533,-0.6357276863739223,-0.5641347210623437,0.34202817585693107,-0.4209094870870744,0.6620440995291565,-0.12251453962557565,-0.12499999999999999,0.022236867334496094,0.09695552844955828,-0.42304242218046273,0.5925101623884252,0.6046910309364503,0.6232377718000675,0.3711868355169924,0.3527474264445271,0.018053152609353924,-0.043309709771213845,0.2255687186402233,0.7067317364238735
flat,-0.466345126561639,0.6326221053060492,-0.0299176143866987,0.3503665884793275,-0.4276824802361059,-0.27552885456765114,-0.05649195494657499,0.07329117125415907,0.22681337080729502,-0.039234023090754744,0.3388541388000259,-0.5663428601593908,0.7199631108168802,0.12873359538996476,-0.8085147501269536,-0.053964047422875326,0.5539472694633741,1.0,0.33468311823783464,0.47689508473575687,0.31408628608898514,0.012140859205821612,-0.13630750581065817,0.5155278751187018,-0.37406713370922545,0.4550788913699635,0.19947509754791873,-0.35433348881146676,0.17178001978788154,-0.19495800341956113,-0.8206407480662905,-0.6808198753768179,-0.4731307462274027,0.04173531516666494,-0.19942660493188183,0.08251249567877117,-0.2108324273810434,-0.2490180723402763,0.04557375746683837,0.16613708372605948,-0.6283939101916637,0.10578262162592762,0.42067120454661505,0.46529162379431976,0.019797927532354962,0.04600557330432893,0.13189243053609057,0.53476380458043,-0.22231638808100224,0.4983641118471004
nsubj,-0.27702371457779357,0.36882178161373874,0.47723269441191124,0.182038351757821,-0.373712784574311,-0.12363716685743521,0.336399582273369,0.09387812201469375,-0.28501502221441666,-0.8583795712402508,0.43554427702716836,-0.011343884875290521,0.3456873861332345,-0.33028897033160604,-0.14656094997791888,-0.3599259278632901,0.47355659464346145,0.33468311823783464,1.0,0.2858872920750498,-0.3483569755930879,-0.0705466941363579,-0.6955333629748575,-0.3977938265138065,-0.01786725565315601,0.1696552369328231,-0.2683407504188992,0.26700865518769595,0.18579768030873386,-0.14499273402942775,-0.44090261507878975,-0.22202723177914768,-0.5492788180935761,0.19134468366464122,-0.19527468011465834,0.4164939037654846,0.17185480187457083,-0.0756624208152729,-0.6432459896421726,-0.49381475286958804,-0.23008516306555282,-0.19061274760137284,0.730375535295071,0.5686483069416666,0.39496059828291974,0.069742471844671,0.4132127403543708,0.10650232982283697,0.17465948451124103,0.40198249929083785
root,-0.9980454349944582,0.8543628730537376,0.20033638310112437,-0.023661071815554352,-0.4201685784413745,-0.7113447169055461,-0.09174959931055394,-0.029171013098003684,0.6520576339509134,0.02999005520431421,0.2457662431084043,0.15861973770560844,0.6928293468076521,-0.5706911223077185,-0.6500447752279457,0.2072762331046245,0.5415968301883805,0.47689508473575687,0.2858872920750498,1.0,0.6098306159717563,-0.13072286409605374,-0.42540020279052826,0.31820984368672045,-0.08296238171991531,0.11004864909351342,0.0397153566413256,-0.3405667869566203,-0.5264597157292006,-0.5729973934312776,-0.4205154371685037,-0.3372367402215235,-0.22861638320830935,-0.09246968231679507,-0.5082843561150541,0.31960502808663177,-0.47403766663156954,-0.4285892149293799,0.11402541203229057,0.1863757282080752,-0.09288962911693086,0.09819723176140568,0.5050611650181511,0.7914996181328446,0.6598468225975644,-0.02807601346698786,0.06717542795812698,-0.06767913677263798,-0.2249101786003016,0.9658370616456887
advcl,-0.5931331873119495,0.5470587527169759,-0.18120663865116585,0.04917608114928158,-0.40707241133069005,-0.5558407951038609,-0.5633159324134881,0.36436016567135276,0.6291618546996169,0.4602170257467551,0.28987287336257583,0.1836434492255797,0.47455646094873094,-0.24053202648669086,-0.4503997240754592,0.6071548862319306,0.451694766473804,0.31408628608898514,-0.3483569755930879,0.6098306159717563,1.0,0.3959598302487662,-0.05297226390490287,0.5132621645686704,-0.45732095103923487,0.4021929732711755,0.13466922030007988,-0.6619975523387522,-0.6060469789799152,-0.515202299428492,-0.44100703927080753,-0.17141751318551493,-0.06944097356314614,-0.14415364508333714,-0.5807454442912516,0.12917603584949663,-0.5099276332417623,-0.44822392919819753,0.48027411700607875,0.6440541841661626,-0.2712474308692574,0.4377549629737915,0.08769717783237208,0.3969529653264215,0.06367285870709008,-0.12514616676361912,-0.28233112336249255,-0.10323717485585943,0.15411502249626682,0.5893357808897126
mark,0.146512855073737,-0.18430509422919977,-0.4051648609090469,0.21812765957839025,-0.3760794688255121,-0.22770061187435342,-0.05551883715716652,0.9694290040160953,-0.31789803860163346,-0.18184515779557667,0.21343392036994263,0.1268045642381434,-0.27070168601570066,-0.1508187753341447,-0.026476142289913924,0.4294071369921589,0.040159575145514596,0.012140859205821612,-0.0705466941363579,-0.13072286409605374,0.3959598302487662,1.0,0.09602287163648618,0.14303338442827293,-0.6153402166101999,0.2335691155395106,-0.09105504478130255,0.1074619698355947,0.03901263420852499,-0.3935687057485556,-0.44389239434574557,0.317224725545718,-0.2508962656379022,-0.12821075480757513,-0.3270705370153117,-0.19937461764161085,-0.11381853567667684,-0.3277809048518087,-0.084778278553756,0.17345041969022373,-0.5563733994420242,-0.06684343704257277,-0.03688736114318862,-0.0020203384312176007,-0.6232671230008902,-0.3255391092003754,-0.06856059557649558,0.03719086242330169,0.6352999657037737,-0.13023492433736586
det,0.39885588350151313,-0.44895730806721246,-0.5315293184115213,0.02309719117153187,0.21386556631149087,0.3668985423908305,0.08924276607562719,-0.01454762349480799,-0.23758283088505316,0.42830906822817844,-0.8206181278237672,-0.2580765650638776,-0.5223689016785144,0.2585954624560309,0.03404913526451402,0.07068116202310934,-0.7920385536458101,-0.13630750581065817,-0.6955333629748575,-0.42540020279052826,-0.05297226390490287,0.09602287163648618,1.0,0.5139754306071749,0.21533875702718272,-0.462601032833476,-0.02143756904839885,0.27283089808440036,0.14239655510636215,0.3993127638876793,0.24094946068310608,0.44368239197961107,0.4174359279656174,-0.5361682519844534,0.19379500138800074,-0.6003265873224236,0.05310565135395463,-0.14294242966768705,0.2593306776238569,0.36976534189080623,0.08646277461880864,-0.2542013493465588,-0.6746489609657049,-0.4804682036538477,-0.49907767193308034,-0.34554674421556314,-0.2545741068726443,0.21072391667052218,-0.18473990882310382,-0.5742231186124443
advcl:pred,-0.3230031615906064,0.22775054252189803,-0.22002096145050862,0.5129003363641274,-0.23192922481486855,-0.37457554034721136,-0.23236124041621728,0.09130579731101045,0.20189629554695157,0.37187650465806327,-0.21708557508383516,-0.11961935111091886,0.18038157646496197,0.15072232766691235,-0.5044237929103985,0.5263702456951443,-0.12499999999999999,0.5155278751187018,-0.3977938265138065,0.31820984368672045,0.5132621645686704,0.14303338442827293,0.5139754306071749,1.0,-0.19662096330730888,-0.18854891621313308,0.028328888072111043,-0.28628133811608175,0.04145372953304791,-0.24053978828311828,-0.39956706658557084,-0.15060695526093998,0.21058152342634537,-0.29762056048661284,-0.2321180988306253,-0.4384480959653059,-0.33722890180055126,-0.125,0.17320528848551842,0.5851418538275073,-0.13775393927434681,-0.2480603137263851,0.04914730580872561,-0.02132190784877008,-0.26070291590902234,-0.49350561036470864,0.19310735615148686,0.6442591817511466,-0.2998404996853434,0.1940573820935073
csubj,0.03332421079067054,0.015340034552825246,0.4570075819525529,-0.20149410643454999,-0.01976488032210667,0.23793696363970032,0.21392369277699289,-0.5036798720084702,-0.18748570234547818,-0.04078397002372139,-0.5211338330836576,-0.005433420100639861,-0.22608777316560175,0.0630158954827336,0.4228301216696201,-0.5365823369601702,-0.47997680418957855,-0.37406713370922545,-0.01786725565315601,-0.08296238171991531,-0.45732095103923487,-0.6153402166101999,0.21533875702718272,-0.19662096330730888,1.0,-0.5205522603926237,-0.06397271292857822,0.3110184695315564,-0.01435390316375455,0.29147860698353123,0.5391883412886124,0.1517882506246015,0.6516694848755916,0.004271653833509287,0.16547546310489414,-0.21438501965352957,-0.1685233336466893,-0.0486345485318348,0.1162452915593869,-0.27735198285335677,0.7819260173003116,-0.21524445645795656,-0.07002156012772706,-0.06698456998004707,0.42433946069844714,-0.2760554650901272,-0.22279502924812253,-0.2808497506267791,-0.23719269456496145,-0.13447850359580327
xcomp,-0.07585177724227606,0.43368350556490776,0.01982254620161778,-0.03465382101864069,-0.324170721784009,0.0652281306549083,-0.48471176215385325,0.2402778925125096,0.2630959778710756,0.058114060911237664,0.724976896716302,-0.285463627066359,0.6376232354547069,0.17189140314529208,-0.23790020593664743,-0.06889222318141773,0.8213747118041724,0.4550788913699635,0.1696552369328231,0.11004864909351342,0.4021929732711755,0.2335691155395106,-0.462601032833476,-0.18854891621313308,-0.5205522603926237,1.0,0.2102988954365681,-0.6363105020615752,-0.19209023081911974,-0.015956547278521364,-0.5494743268419102,-0.5194192795563435,-0.5229210997378492,0.28600479676185125,-0.26524280794099203,0.5247046579454342,-0.029344701674671535,-0.20775645233847326,0.2725874244882285,0.1841394219661596,-0.5723690678179916,0.8100091748357445,0.1896793604709999,0.35039834818542376,-0.0030544034517219214,0.4258784302675223,-0.36388664784153424,-0.15235733508452115,0.39683676919030747,0.286959198565986
obl,-0.058573831613759904,-0.0008442032364178388,-0.34742747301392596,-0.46126706067581424,0.2524900953587644,-0.3189118056269708,0.2626660477306949,-0.06956875711463625,0.4572017098312621,0.5714513222095635,0.1644209865608489,-0.6157210681006419,0.028519903142678965,0.430584938986629,-0.31686004875506185,-0.3390738261570137,0.08678616035715483,0.19947509754791873,-0.2683407504188992,0.0397153566413256,0.13466922030007988,-0.09105504478130255,-0.02143756904839885,0.028328888072111043,-0.06397271292857822,0.2102988954365681,1.0,-0.18213751057581337,0.2970597780425598,-0.36432962397397733,0.17206816295265265,-0.606136063999899,0.10040439374858617,0.5912153707508447,0.6478256630877031,-0.41308562040427826,-0.5996927046122336,0.1294680901798242,0.7274465362928132,-0.41165429188522545,-0.1993292468637657,0.1490054369615414,-0.35860526171405105,-0.2586452539925747,-0.22289641475545138,0.41854708466313134,-0.3503099360065766,-0.18639404963602332,-0.5589827520550362,-0.06593450010022878
nmod,0.31189384865693137,-0.5204212880687874,-0.23818891393521188,-0.20174991774705953,0.20389057254965012,0.20196316530378605,0.8507961391252246,0.1543441802492232,-0.6217084045787242,-0.484312332460332,-0.5630357116844464,-0.059965994452992624,-0.7084595776841653,-0.29318575814043074,0.17510796466378367,-0.3853927034594452,-0.6554564165659408,-0.35433348881146676,0.26700865518769595,-0.3405667869566203,-0.6619975523387522,0.1074619698355947,0.27283089808440036,-0.28628133811608175,0.3110184695315564,-0.6363105020615752,-0.18213751057581337,1.0,0.3794472675858095,0.13417883761278832,0.3023475336611049,0.5872135763784139,-0.043247393828396964,-0.2743721357228471,0.33212738542283693,-0.3365029303855975,0.2563993557996544,-0.08567261504050072,-0.43866477754760286,-0.5489572316870184,0.030975063837688596,-0.6978164411291301,-0.2411214964235571,-0.15250131626976476,-0.16322181329904198,-0.14461833277289765,0.14637010320213278,-0.06596710700462233,-0.048429896009015566,-0.44295824032711684
advcl:cmpr,0.5136537986635835,-0.48404160042604333,-0.04183253972158563,0.3405013860112218,0.16765951321596792,0.07016766501245349,0.4745368572430748,0.0641699301509424,-0.5567919308444395,-0.2576231473787117,0.038156996422748814,-0.4819488685799635,-0.37941743768813485,0.6398271819094135,0.09432219119029102,-0.30731968883289,-0.28855992370389527,0.17178001978788154,0.18579768030873386,-0.5264597157292006,-0.6060469789799152,0.03901263420852499,0.14239655510636215,0.04145372953304791,-0.01435390316375455,-0.19209023081911974,0.2970597780425598,0.3794472675858095,1.0,-0.006893122731875969,-0.006090198751733868,-0.2722993725791255,0.08752651557550033,0.4728750274698153,0.6487503163761217,-0.6134542242273671,0.03661992980806577,0.5351604607688888,-0.26131132446622574,-0.5752910610089766,-0.14802987984293522,-0.5726421216228,0.019470851041158654,-0.577621547037414,-0.6170859031234968,-0.09786659101649149,0.42695541672744713,0.5770012708478852,-0.2528944638510487,-0.5647307448838458
cc,0.5766221073244165,-0.321484836892884,-0.05557417971964594,-0.1094089108811829,0.37018226886963,0.9669637977412929,-0.09671866150510211,-0.4900835097894189,-0.2975212567531058,0.028267658355171393,-0.4586076510283841,-0.193652502742988,-0.12626557704344896,0.22127875093209662,0.30190119641182295,-0.3376415426715728,-0.3126448508639353,-0.19495800341956113,-0.14499273402942775,-0.5729973934312776,-0.515202299428492,-0.3935687057485556,0.3993127638876793,-0.24053978828311828,0.29147860698353123,-0.015956547278521364,-0.36432962397397733,0.13417883761278832,-0.006893122731875969,1.0,0.2846549395316615,0.3026971777299142,-0.02348505320867939,-0.4080021414966216,0.14652541674920253,0.27114749338246225,0.7417288484048181,0.07597230434628878,-0.11668466712318261,0.2118844223276261,0.14595860914218814,0.25186819493273843,-0.39136754919829303,-0.22122234631197898,0.015700459544109962,0.24767871935636354,-0.20536061244352385,-0.004693118065712317,0.05975976720811127,-0.4907743879180357
nsubj:pass,0.3971964941944279,-0.5981037327053764,-0.06398265444521331,-0.5368756721354189,0.7249449698163554,0.28561079471637413,0.2367857961515688,-0.5095756102608232,0.044501897063736584,0.34800123144012746,-0.4882496476276833,0.2004889523080216,-0.6156487272111804,0.10096735664133956,0.5702317105009614,-0.20192057827700607,-0.6240593396895533,-0.8206407480662905,-0.44090261507878975,-0.4205154371685037,-0.44100703927080753,-0.44389239434574557,0.24094946068310608,-0.39956706658557084,0.5391883412886124,-0.5494743268419102,0.17206816295265265,0.3023475336611049,-0.006090198751733868,0.2846549395316615,1.0,0.3574102644477322,0.5551713469162328,0.08716819590705584,0.5957214122995023,-0.220368532396627,0.11365360792850411,0.42077487121550883,0.20508245742203332,-0.30819035997330435,0.6851308294765723,-0.12182160661034466,-0.5897354631978928,-0.586595719836176,0.06659946636007828,0.21676975899875203,-0.15467383259909753,-0.4494317315781425,-0.33744079111559555,-0.5083872044081529
discourse,0.3319312684783811,-0.5126911749052051,-0.2637533476301175,-0.1259097731374865,0.15776792227996372,0.3454462007922752,0.15095507689896445,0.23903915072325863,-0.43390741454269766,-0.1862920608226916,-0.618442397190838,0.5038690981668711,-0.6719398497495539,-0.4826967178601199,0.4304055607684547,0.22570051429414262,-0.6357276863739223,-0.6808198753768179,-0.22202723177914768,-0.3372367402215235,-0.17141751318551493,0.317224725545718,0.44368239197961107,-0.15060695526093998,0.1517882506246015,-0.5194192795563435,-0.606136063999899,0.5872135763784139,-0.2722993725791255,0.3026971777299142,0.3574102644477322,1.0,0.11218763110580053,-0.6857616636977885,-0.2002216751237236,-0.031395507685982114,0.42601117499965757,-0.23210414814695854,-0.32102851838595226,0.1969479214941189,0.2208703476624092,-0.2762496800538144,-0.3840504933865773,-0.13376968705816855,-0.11603431949984967,-0.2991895232699324,-0.06654927539943259,-0.2588494888652495,0.3992912016578212,-0.383917595898216
csubj:pass,0.1909446165776241,-0.23565841755464523,0.30701939263749695,0.12373025051383317,0.03323083594175212,-0.04828043018831431,-0.17742700652207233,-0.24292412309041977,-0.09313220766100071,0.34315254623281854,-0.3583841936172169,0.21282630881787848,-0.41003446902790686,0.4124328320149747,0.560323591576139,0.07567553547899393,-0.5641347210623437,-0.4731307462274027,-0.5492788180935761,-0.22861638320830935,-0.06944097356314614,-0.2508962656379022,0.4174359279656174,0.21058152342634537,0.6516694848755916,-0.5229210997378492,0.10040439374858617,-0.043247393828396964,0.08752651557550033,-0.02348505320867939,0.5551713469162328,0.11218763110580053,1.0,0.20226299008962662,0.18260985246418296,-0.6001662367511844,-0.4114739878836098,0.274131423444395,0.3172458626502664,0.02574836064300312,0.8175017227216291,-0.25433201179726395,-0.1778288920686675,-0.5363872422571211,-0.0857908280251053,-0.5394348709456697,-0.0924919331387664,-0.02199376993178455,-0.17088579810997542,-0.3226432418382909
acl,0.09033962152765335,0.002087920844054948,0.3941051455077738,0.04847957283458611,-0.001993799504660612,-0.3153265323992061,-0.0055713389751611605,-0.042391865137621616,0.06330187870016807,-0.012304717276584012,0.6607325319941072,-0.16614407637152712,0.09466267582920264,0.557354936754931,0.21837175017519764,-0.24188158566238058,0.34202817585693107,0.04173531516666494,0.19134468366464122,-0.09246968231679507,-0.14415364508333714,-0.12821075480757513,-0.5361682519844534,-0.29762056048661284,0.004271653833509287,0.28600479676185125,0.5912153707508447,-0.2743721357228471,0.4728750274698153,-0.4080021414966216,0.08716819590705584,-0.6857616636977885,0.20226299008962662,1.0,0.43831229496369994,-0.19231620259318943,-0.41241985926795355,0.5497753452522164,0.17244921055277132,-0.5984803607787215,0.11152716188590396,0.0462318365112986,0.28336647897054784,-0.2867909107007959,-0.10744030828398667,0.1730920820307235,0.12926391272064927,0.00012994860520104388,-0.1329357055492302,-0.040115232758345824
amod,0.4885248396631883,-0.607233815325875,-0.32694795506343943,-0.3890543632770827,0.7341791366953919,0.18853305090710404,0.5649496972149626,-0.3678717015455255,-0.038735505727161786,0.28780852157266457,-0.21541993939992862,-0.4983119313844328,-0.4694708546992174,0.5200344863381166,0.10455062371889393,-0.4766239401999884,-0.4209094870870744,-0.19942660493188183,-0.19527468011465834,-0.5082843561150541,-0.5807454442912516,-0.3270705370153117,0.19379500138800074,-0.2321180988306253,0.16547546310489414,-0.26524280794099203,0.6478256630877031,0.33212738542283693,0.6487503163761217,0.14652541674920253,0.5957214122995023,-0.2002216751237236,0.18260985246418296,0.43831229496369994,1.0,-0.4801486645123783,0.028427281231020632,0.5713312097277237,0.2142596123109202,-0.6378481129199097,0.07218786601799966,-0.2534320854906875,-0.5287233898967777,-0.6895450449393331,-0.3545257195937969,0.44499694635720044,0.0182419093738406,0.0062489472423832865,-0.6241336268924114,-0.6105765907628186
nummod,-0.279744243315636,0.4433919376494804,0.265704144809875,-0.16249378741475837,-0.061381538861219304,0.2267737438708415,-0.36653967172457413,-0.20622258678090635,0.29857123828231136,-0.22897869387951558,0.38504788071458496,0.2851452091974454,0.6093248274028751,-0.46651041589058745,-0.09019921193388289,0.012011407270735906,0.6620440995291565,0.08251249567877117,0.4164939037654846,0.31960502808663177,0.12917603584949663,-0.19937461764161085,-0.6003265873224236,-0.4384480959653059,-0.21438501965352957,0.5247046579454342,-0.41308562040427826,-0.3365029303855975,-0.6134542242273671,0.27114749338246225,-0.220368532396627,-0.031395507685982114,-0.6001662367511844,-0.19231620259318943,-0.4801486645123783,1.0,0.4744566802041172,-0.17925101270452418,-0.23467004135431113,0.24135976714998636,-0.142269150601462,0.6286932685208064,0.3226367531609437,0.6249973758483461,0.6349342801516179,0.4927646811156611,-0.04908189421768892,-0.31004225063050833,0.3328702471230121,0.5072633884679695
conj,0.5067931527888335,-0.4300614579648628,-0.09040444921115624,0.0705779553899899,0.4432196731356437,0.7306641544115601,-0.001709419716827178,-0.23904268143234364,-0.36330817113428204,-0.322266516747818,-0.16930604898689328,0.1584104554758281,-0.1528875992080634,-0.09780845559432474,0.23965203019922166,0.01033281264888463,-0.12251453962557565,-0.2108324273810434,0.17185480187457083,-0.47403766663156954,-0.5099276332417623,-0.11381853567667684,0.05310565135395463,-0.33722890180055126,-0.1685233336466893,-0.029344701674671535,-0.5996927046122336,0.2563993557996544,0.03661992980806577,0.7417288484048181,0.11365360792850411,0.42601117499965757,-0.4114739878836098,-0.41241985926795355,0.028427281231020632,0.4744566802041172,1.0,0.26539753143758565,-0.6138380672771205,0.12831492010847656,-0.09154562148059765,0.03997993440731317,-0.11678108383729763,-0.1323051939943029,-0.036145426860390906,0.31872369520547417,0.29078048861107425,0.16082841731213365,0.22435947798728154,-0.35991682743995385
appos,0.4437255932350955,-0.5188356353758561,0.21921032131763882,0.2602293821041845,0.5842983176191353,0.06585987878891413,-0.039050242710825016,-0.41137542574162167,-0.08591724737166698,0.051014152303784796,0.21096368918510164,0.14877955018197977,-0.23598190390019444,0.5516822022853026,0.4042798032854347,0.13563270755831514,-0.12499999999999999,-0.2490180723402763,-0.0756624208152729,-0.4285892149293799,-0.44822392919819753,-0.3277809048518087,-0.14294242966768705,-0.125,-0.0486345485318348,-0.20775645233847326,0.1294680901798242,-0.08567261504050072,0.5351604607688888,0.07597230434628878,0.42077487121550883,-0.23210414814695854,0.274131423444395,0.5497753452522164,0.5713312097277237,-0.17925101270452418,0.26539753143758565,1.0,-0.255760287679955,-0.2955323014519071,0.33433400594661017,-0.24806031372638507,0.04509481664069489,-0.7019504194643497,-0.2464750800201275,0.17689388933687533,0.5981287413901165,0.38671135177930205,-0.29984049968534343,-0.4056771152610261
case,-0.1353582769829296,0.1850787366205182,-0.3279194420566357,-0.5226294392331756,0.06238959788597135,-0.11312503032776014,-0.19357367670176673,-0.10322520291122467,0.5959738448522587,0.8415340657193953,-0.08444132170460462,-0.40860317898681947,0.12677638497801932,0.2889816658477933,-0.19999282152295572,-0.15465824094435804,0.022236867334496094,0.04557375746683837,-0.6432459896421726,0.11402541203229057,0.48027411700607875,-0.084778278553756,0.2593306776238569,0.17320528848551842,0.1162452915593869,0.2725874244882285,0.7274465362928132,-0.43866477754760286,-0.26131132446622574,-0.11668466712318261,0.20508245742203332,-0.32102851838595226,0.3172458626502664,0.17244921055277132,0.2142596123109202,-0.23467004135431113,-0.6138380672771205,-0.255760287679955,1.0,0.15485892342738192,0.013408189983071786,0.5170196573765763,-0.5286792252584046,-0.09783840823989531,-0.03950391988521225,0.2263906780470887,-0.7772456940779182,-0.44201415077601325,-0.3009697827763607,0.028039706291058175
