,len,PUNCT,AUX,ADV,PART,CCONJ,NOUN,SCONJ,VERB,ADP,PROPN,PRON,NUM,ADJ,advmod:emph,obl:arg,flat,nsubj,root,advcl,mark,det,advcl:pred,csubj,xcomp,obl,nmod,cc,nsubj:pass,discourse,csubj:pass,acl,expl:pass,amod,nummod,conj,appos,case,xcomp:pred,aux:pass,compound,advmod:neg,cop,obj,ccomp,fixed,acl:relcl,advmod,orphan,punct
len,1.0,-0.962213320528852,-0.18315129501394273,-0.6846418383871975,-0.2487663556283261,0.49103971891484777,0.644593514067303,-0.07755059027915566,0.0015940418716276939,0.05939699044198034,-0.45345655610047064,-0.462227737029024,0.3217761506668773,0.035367497962341746,0.11699698142172812,0.4371410840415169,-0.04663823009443966,-0.5543428222738496,-0.9763652198109911,0.14264376087879196,-0.21168338252518543,0.46776818686426774,-0.21297912905944408,-0.044521088844594034,0.42759533631646757,-0.21004886150748822,0.6491661189952902,0.5041295676524796,0.32618780156227944,0.05997531384969639,-0.06765156692258052,0.2024791989436513,-0.22337357665424923,-0.02122700319551736,0.5277601617118243,0.6324129228312729,-0.15571175055480013,0.1125350954722464,-0.2408656540307907,-0.3803445803767393,-0.46602389779242037,-0.13590668061897487,0.021135941337306955,-0.12341696237434988,0.11974218859243443,0.01915313589607927,-0.05535976311628444,-0.6789874283755449,0.17890516741345244,-0.9624173233497841
PUNCT,-0.962213320528852,1.0,0.2300022456858377,0.6839648922185895,0.2325644956814568,-0.5197339631410534,-0.702515582524392,0.07723707428937263,0.004013088999352064,-0.016412264840564798,0.4476537744049944,0.5080377391150612,-0.34098449684873466,-0.07851948740339605,-0.15990217498874984,-0.42907706218930775,0.04086241755812895,0.5360759611936855,0.9896592631492018,-0.14595218047746397,0.21270901024167693,-0.4423203076088416,0.15949509758946356,-0.1386530211349893,-0.35747268712236596,0.2241713184626987,-0.6991982448944851,-0.5237691868810368,-0.2439058892552393,0.03335502029104082,0.1130073390077818,-0.3058634367006862,0.235310810928402,-0.05182955397496048,-0.5754362535949398,-0.7038219328121865,0.14036867538152423,-0.07440158162554254,0.1971542556132864,0.5085205955819893,0.5655432736081751,0.12519541575488455,-0.07429978503952779,0.11997087548556178,0.038404793727961184,0.10717573277168009,0.12322705035426654,0.6733056810199302,-0.2289999029548507,0.9935723954239789
AUX,-0.18315129501394273,0.2300022456858377,1.0,0.31344565362151006,0.1904751284018841,-0.3302074093777053,-0.2628828217509155,-0.21908178614347817,-0.6115752599233368,-0.15706905861365106,0.30966885796987814,0.4092072968896216,-0.04880480567911803,0.41728270476035506,-0.3487024380181423,0.2143077366663506,-0.06979932657513695,-0.20185778904807503,0.19568406132074112,-0.3875337429549612,-0.24937319807007513,0.19443363839438263,-0.527945760279523,0.03803121287075872,0.1265845616526979,-0.4587177379657928,0.19853304662753143,-0.2910452424752469,0.21601614553918974,-0.1266232560191818,-0.32990487718477735,-0.5165173848337167,0.1868653447343658,0.28043014227622926,-0.07021073560985056,-0.3733068820055418,0.16093017384239383,-0.05204297334697926,0.4275139001154214,0.5752989333203425,0.130179802738459,-0.27132900683407474,0.8165372999566842,-0.33434778331370174,0.029443861571301945,0.22399590258795596,0.567546756062243,0.4367977707553544,0.4130624975774436,0.23560387285284518
ADV,-0.6846418383871975,0.6839648922185895,0.31344565362151006,1.0,0.15485465898100217,-0.39059142431107546,-0.7651144595230166,0.03049652569668248,0.04552540804845074,-0.33897999086545577,0.6122334338721309,0.37034436121967446,-0.2778518780488222,-0.05208067787972293,0.312375204753396,-0.5662031641052695,-0.03567730697885785,0.3253111072676666,0.6882844575253727,-0.0478163750184842,0.16192453158288103,-0.06543682838542844,0.13018207985107685,0.2286989108564314,0.12382392298656734,-0.2130492677469472,-0.39122737971505966,-0.41080173784914054,-0.3985728884051933,-0.11040657744554487,0.2695059153230539,-0.586725807433381,0.3429662335075615,-0.06592048237415224,-0.3598816044285246,-0.39873895272550586,0.3316912259347194,-0.3958337694685178,0.26793381000388045,0.3891310436926309,0.3605264132029891,-0.14968637932148113,0.13798054823072947,0.14998657119237602,-0.1644837694570887,-0.10728544998418153,0.011422458572568949,0.8430730237951303,-0.16712616199561578,0.6599454171678785
PART,-0.2487663556283261,0.2325644956814568,0.1904751284018841,0.15485465898100217,1.0,0.24582270725471592,-0.38041528894534005,0.2940575581206181,0.21619365586937564,-0.21400838968896221,-0.36330133918570756,-0.03495095961568809,-0.46611402508721994,-0.23111577634335265,-0.48425484413378606,-0.54183917264402,-0.4106270666092055,-0.14989782049870912,0.20612780582232537,0.33937624323633037,0.3435393342857391,-0.09762774608643925,-0.20694781751511893,-0.3031084585221604,-0.03924527695422073,-0.1869192719482019,-0.2984157735837508,0.22974904280927,-0.07944017005478003,0.16713792003470987,-0.40312206408490486,0.20442788092362776,-0.4549171213850249,-0.3081895875033535,-0.32090214980240955,-0.0020231733562235447,0.10913356962232115,-0.2805536220300541,0.24074619469686734,-0.02033814846404607,-0.17710600658862966,0.2246884849163759,0.31727186947486624,-0.08822126056122524,0.5009970723203513,0.22177240159600747,-0.22746819348150304,0.5927749555339729,-0.38617971118494454,0.2294986118725164
CCONJ,0.49103971891484777,-0.5197339631410534,-0.3302074093777053,-0.39059142431107546,0.24582270725471592,1.0,0.12085633177284118,0.10652586067165902,0.010833910393261112,0.06829847888635071,-0.513046310815577,-0.26458764889829534,-0.14376133465075644,0.06665490693413394,0.1587668995472569,-0.013650924127418486,-0.1421525300312642,-0.2089860735405766,-0.5114297873477688,0.08871040430499287,0.08639544596665094,0.3986514308810837,0.18845747189922482,0.08307554009294223,-0.18813775274163874,-0.1257702126127855,-0.014734653549494506,0.9962941419422333,-0.008756783731282074,0.07397403898159935,-0.2150805475705717,0.16669553758571098,-0.33695476037872085,-0.13505050167332536,0.09598779687855699,0.8954238457694037,0.1044347884964568,0.02731689820987271,-0.05495465497842357,-0.6592342402936985,-0.42245912978123384,-0.00516831444048734,0.025123679740095602,-0.23231216757991904,0.18849411021939544,-0.12971678251677224,-0.3246640251874619,-0.2889627775490711,-0.23550569850808353,-0.542414230280279
NOUN,0.644593514067303,-0.702515582524392,-0.2628828217509155,-0.7651144595230166,-0.38041528894534005,0.12085633177284118,1.0,-0.2688253138594103,-0.23019846844640982,0.16684040356895086,-0.4189670167078355,-0.43478947871009127,0.3891996651277168,0.118992194169962,-0.07684376520392132,0.4240360105581643,-0.07574952767443932,-0.4466579522996619,-0.6545970322900059,-0.1254872337553639,-0.4172713202456514,0.22195048724954394,-0.2461987735128741,0.016465859229356446,0.074010535423737,0.32634364122202214,0.7221102302345627,0.14494180895930783,0.29888631963489154,-0.1830365717823282,-0.08517968013917732,0.44658269853191424,-0.07604466376848369,0.23184511845874295,0.4736431225768279,0.27603316132496736,-0.06338153883105063,0.3137816980156271,0.05240052733515259,-0.5088140325647567,-0.32854777000683866,-0.09889462878704047,-0.0012133102360726317,-0.022967542894984927,-0.19357166098824136,-0.12892263526650347,-0.09907639848589866,-0.7363419988076505,0.42116578549542694,-0.6479563470150759
SCONJ,-0.07755059027915566,0.07723707428937263,-0.21908178614347817,0.03049652569668248,0.2940575581206181,0.10652586067165902,-0.2688253138594103,1.0,0.35610916018687233,-0.6608740286157867,0.09474129448886613,-0.22408631762999107,-0.14024792478598666,-0.07503269071003461,0.1028778300405125,-0.0757934982762883,-0.4150509715874663,0.19421535743874999,0.04230429418469103,0.7272098334766887,0.9715276335132362,-0.28270292148986637,-0.0574873998882512,-0.2985996976619956,-0.013865362119399661,-0.40587098064069954,-0.4043559690311913,0.0851610690266675,-0.2866570142299425,-0.327627432813373,-0.3752532182673024,0.12200185311064689,0.011464682619066071,0.11611042049141514,-0.2809417843949928,0.07447054655308914,-0.42192899819765445,-0.7501045976567889,-0.36359499207866997,-0.025679554637192327,0.48190139352595524,0.09562576385134516,-0.26036078408210706,0.5673979814027182,-0.013488391628097661,-0.13323776717143937,-0.4698100665926108,0.11457730738089794,-0.541376592224804,0.05549736867488267
VERB,0.0015940418716276939,0.004013088999352064,-0.6115752599233368,0.04552540804845074,0.21619365586937564,0.010833910393261112,-0.23019846844640982,0.35610916018687233,1.0,0.10095359856704797,-0.24844526063006367,-0.4234544810904455,-0.07376355349558351,-0.7696877898650983,0.16150659686522978,-0.3157776608359405,0.030907364687599023,0.10045143186445245,-0.0040525868599946835,0.7653014638347525,0.4491772065811633,-0.30786109737647,0.37703072586158165,-0.20588167047494127,0.25613475100218325,0.12837468891375267,-0.3835324591245284,-0.053294805153088425,-0.29935078950652166,0.38109693622898616,0.29696491984510137,0.5228655901898067,-0.4620554815184397,-0.6177392473386222,-0.08064455466191438,-0.03482595359281234,-0.3237658606465123,-0.10506011462756953,-0.6061125279176819,-0.008571232070268041,-0.16140300091405657,0.39141451739609445,-0.6413318121384864,0.2782753627122818,0.2969329084111894,0.22179422002138663,-0.5087939770082511,0.04839930678023704,-0.43862444264997613,-0.041129722744698935
ADP,0.05939699044198034,-0.016412264840564798,-0.15706905861365106,-0.33897999086545577,-0.21400838968896221,0.06829847888635071,0.16684040356895086,-0.6608740286157867,0.10095359856704797,1.0,-0.3124535086876449,-0.06594592617031829,0.21391038012374453,-0.33362455953197667,-0.19668226830338997,0.25778972610846873,0.40026292455122064,-0.08044575870724323,-0.006619872271118676,-0.33517095537038033,-0.5927677886162537,0.06966459049703365,0.2580859470322232,0.0147853633535227,-0.2554316606535244,0.6240847491312411,-0.07477174305839007,0.06210110823096095,0.18186204441236864,0.5718288005894983,0.258652635118134,0.294034776569358,-0.33999176683561805,-0.37017053476052747,0.18280584427377675,-0.08312244352090453,0.10241446440070612,0.9580234303042242,-0.12179625055591158,0.11566906820623298,-0.4473938445700468,0.27437298357649337,-0.23022620962226314,-0.508776068512268,0.3134477578190056,0.531274452451822,0.18626262262249133,-0.3941887723892658,0.34901739937206117,-0.022291979967973333
PROPN,-0.45345655610047064,0.4476537744049944,0.30966885796987814,0.6122334338721309,-0.36330133918570756,-0.513046310815577,-0.4189670167078355,0.09474129448886613,-0.24844526063006367,-0.3124535086876449,1.0,0.26550269169851803,0.3400705307565515,0.10497902160162753,0.3246300893816021,0.03024197033195997,0.08140802020596577,0.4009548129120201,0.4442008864893791,-0.11197779835893865,0.1333697898277075,0.08784514439924439,0.015052288880406033,0.20504486641105038,0.01413411015068614,-0.2529847520178931,-0.18284029540177707,-0.5108105381138132,-0.3096431110838388,-0.22694529944998898,0.0665832174339825,-0.663177762796532,0.8036758213208571,0.20441631449347406,0.12774839827940518,-0.3300130282648319,0.05214463963604022,-0.33489438794356735,0.13855292539745534,0.5341474927393768,0.4604361542036464,-0.24697230632117237,-0.028628870775897753,0.11684172624396134,-0.44712459774703134,-0.14406120160872,0.2641373844985199,0.33105598827844773,0.040773649313565474,0.43977119552200356
PRON,-0.462227737029024,0.5080377391150612,0.4092072968896216,0.37034436121967446,-0.03495095961568809,-0.26458764889829534,-0.43478947871009127,-0.22408631762999107,-0.4234544810904455,-0.06594592617031829,0.26550269169851803,1.0,-0.42460963450756495,0.5907395251428247,-0.2753185648958211,-0.1598490144027267,0.5405775424859329,0.4991797767613896,0.4706151898415844,-0.6175394056487737,-0.19813867271321597,-0.4650656208912273,0.0986261444499519,0.11433678450467533,-0.134735471672276,-0.12400779321294081,-0.2008872174945219,-0.23180776567859032,0.16012629323969504,0.05983984343546425,0.22814170007841408,-0.5728850072305753,0.21130159794367,0.321783689034305,-0.465385662866202,-0.2531869856778151,0.0323326636379656,0.02756848813623493,0.14070718165660726,0.28299220085308546,0.35619819857939633,0.03737342215782797,0.2247760498599963,0.05462563308001235,-0.1414006956527634,-0.3353707700436236,0.7580490106376585,0.3452686709405518,-0.18996804033346104,0.522105172644153
NUM,0.3217761506668773,-0.34098449684873466,-0.04880480567911803,-0.2778518780488222,-0.46611402508721994,-0.14376133465075644,0.3891996651277168,-0.14024792478598666,-0.07376355349558351,0.21391038012374453,0.3400705307565515,-0.42460963450756495,1.0,-0.2567249246112456,0.18492344848958225,0.41020300936916876,-0.1021453564075933,-0.4196770699968113,-0.3465575500503323,0.10290049169791023,-0.14772581419374503,0.36053336482162796,-0.37071434962320393,0.18904113774425252,0.13295740154619537,0.04994267426551145,0.37504394844172234,-0.15076790913367363,0.12053619365452439,0.2160057060400421,-0.27598150315090003,-0.0025179906753997664,0.4518540607352073,-0.0741673804257491,0.8481754329208145,0.005735046857291579,0.04803798211848442,0.2084066325357856,-0.13959053624967646,0.25475645510314676,-0.13826663950206924,0.2491589088740011,-0.1773290316207545,-0.041062858050276055,-0.12476888879293241,0.23565463656101923,0.012868383235026573,-0.521887240766333,0.4493518726269218,-0.3223637099411987
ADJ,0.035367497962341746,-0.07851948740339605,0.41728270476035506,-0.05208067787972293,-0.23111577634335265,0.06665490693413394,0.118992194169962,-0.07503269071003461,-0.7696877898650983,-0.33362455953197667,0.10497902160162753,0.5907395251428247,-0.2567249246112456,1.0,-0.009787844929683846,0.30448186759042917,0.15523937211841637,0.13433491112688917,-0.0832419359092486,-0.6248130244417952,-0.1766027992574303,-0.09120714048106093,-0.12000165079987189,0.3640133220539904,-0.26371489152983335,-0.39311256517091075,0.3360651608791355,0.11560670048517713,0.3468249243553396,-0.5006560569851866,-0.186543265025654,-0.38271908066310184,0.2743697213805367,0.789481432527632,-0.1698468776937188,0.16756990199874375,0.08500567159088077,-0.14928872244677543,0.29841465077645496,-0.1756215187300779,0.23740412993995122,-0.31930061347401684,0.5632570953678145,-0.042170268671427986,-0.3913130227054826,-0.5326217013021006,0.47739303597976873,-0.0793242645727012,0.22195101781778628,-0.05233915071709702
advmod:emph,0.11699698142172812,-0.15990217498874984,-0.3487024380181423,0.312375204753396,-0.48425484413378606,0.1587668995472569,-0.07684376520392132,0.1028778300405125,0.16150659686522978,-0.19668226830338997,0.3246300893816021,-0.2753185648958211,0.18492344848958225,-0.009787844929683846,1.0,-0.018441573732925817,-0.12509482813394568,-0.001217149207833862,-0.12253162297525105,0.14669880785921174,0.17207136996621827,0.32701138606989194,0.34893401839453625,0.4861219131849096,0.003925572910266548,-0.14707844261169273,0.06862605249144581,0.13457228493003698,-0.1542494649724425,-0.20459230443056342,0.2091850461828071,-0.16955993541213155,0.4068114684553341,-0.03526181819423379,0.2394970270661623,0.27275191387908604,0.23602863325577655,-0.2892158317200473,-0.15132576627029426,-0.23671549430173439,0.12531921349174363,-0.22364326548853788,-0.21888245592964678,0.08737451779851656,-0.2991680287544652,-0.29812492344117136,-0.45036044960751226,-0.11385770308955859,0.1137018782330069,-0.21040838420403327
obl:arg,0.4371410840415169,-0.42907706218930775,0.2143077366663506,-0.5662031641052695,-0.54183917264402,-0.013650924127418486,0.4240360105581643,-0.0757934982762883,-0.3157776608359405,0.25778972610846873,0.03024197033195997,-0.1598490144027267,0.41020300936916876,0.30448186759042917,-0.018441573732925817,1.0,0.22067971557873803,-0.12820315352374492,-0.42479474137463613,-0.14126446839935633,-0.19726242471747932,0.20195737807175662,-0.08358691712354822,0.05998863788960914,-0.08618146815068176,-0.11627291675306711,0.32613635903067556,0.015188691907557176,0.22365499758824053,-0.17351337367015396,-0.21278709947049979,0.13554153035011277,0.027018669590209862,0.3364603285638756,0.313966596557752,0.07513577855837272,-0.4231654835083994,0.3126483385052018,-0.3042554101552091,0.13085744731740417,-0.04005198320138555,-0.22580830875402197,0.11996604499975426,-0.27411575519946285,-0.2158956490050436,0.15748505720527584,0.27968557604683164,-0.643006891708107,0.5571415319217037,-0.44236865245421597
flat,-0.04663823009443966,0.04086241755812895,-0.06979932657513695,-0.03567730697885785,-0.4106270666092055,-0.1421525300312642,-0.07574952767443932,-0.4150509715874663,0.030907364687599023,0.40026292455122064,0.08140802020596577,0.5405775424859329,-0.1021453564075933,0.15523937211841637,-0.12509482813394568,0.22067971557873803,1.0,0.5438892715304023,0.0605849959663701,-0.3605170587848822,-0.41828740086441335,-0.3267162131523533,0.5634919133604083,0.1525412027908932,0.09747925682116529,0.17598055531128093,-0.11850316342342769,-0.13472949706715265,-0.12439292799645418,0.2893786563676037,0.6356788113130579,-0.08367400040516285,-0.11669867980536316,-0.025444818108486096,-0.12272201207517228,0.030459259998874506,-0.44269982598235647,0.4091893000226603,-0.39860159721212524,0.06976208049127106,-0.14003956055405478,0.013691859873525584,-0.24663374328550802,-0.06762357090215572,-0.3251566087582681,-0.2836762767966673,0.6448857539932612,-0.1389342017742005,-0.12200142661523716,0.027098827789061933
nsubj,-0.5543428222738496,0.5360759611936855,-0.20185778904807503,0.3253111072676666,-0.14989782049870912,-0.2089860735405766,-0.4466579522996619,0.19421535743874999,0.10045143186445245,-0.08044575870724323,0.4009548129120201,0.4991797767613896,-0.4196770699968113,0.13433491112688917,-0.001217149207833862,-0.12820315352374492,0.5438892715304023,1.0,0.5521792223472742,-0.12963305323474397,0.20986368875588868,-0.48406336842703496,0.6988804393016365,-0.0656368047592259,-0.28148763661685056,0.10766933684514744,-0.6351718713327984,-0.21453892999441568,-0.47408262731802736,-0.2084633308318393,0.5044595621460685,-0.19258454111506637,0.1054599654667362,0.17289597791869418,-0.5389363690806848,-0.11841514152267371,-0.3540858525478445,-0.12943581361389886,-0.12679668414622,0.05166219841242574,0.3363189054074335,-0.20500077687594667,-0.4004752582351882,0.20582183176635963,-0.36067866919259167,-0.3615963390748391,0.2342878182680139,0.2769768972632204,-0.5230611027474269,0.5226309858864493
root,-0.9763652198109911,0.9896592631492018,0.19568406132074112,0.6882844575253727,0.20612780582232537,-0.5114297873477688,-0.6545970322900059,0.04230429418469103,-0.0040525868599946835,-0.006619872271118676,0.4442008864893791,0.4706151898415844,-0.3465575500503323,-0.0832419359092486,-0.12253162297525105,-0.42479474137463613,0.0605849959663701,0.5521792223472742,1.0,-0.15662429656516977,0.17554010686212052,-0.41159499228665225,0.22049274110389327,-0.09772946924105314,-0.3722117873662663,0.28824279528969704,-0.6891475959829916,-0.5156082092771944,-0.3189124490697636,-0.014434938573237972,0.1508253940592962,-0.26226795237123757,0.2314546166233044,-0.05345499795706269,-0.5763688262425664,-0.6797371232158569,0.12963465180575912,-0.06193945664288067,0.21082233973519476,0.42950078431392397,0.5401206409419806,0.07254557094350407,-0.07651515247443472,0.11136351679282708,-0.052071807478775455,0.043837699166120736,0.07662500909740684,0.6738856863512034,-0.204853524743288,0.9830155249990161
advcl,0.14264376087879196,-0.14595218047746397,-0.3875337429549612,-0.0478163750184842,0.33937624323633037,0.08871040430499287,-0.1254872337553639,0.7272098334766887,0.7653014638347525,-0.33517095537038033,-0.11197779835893865,-0.6175394056487737,0.10290049169791023,-0.6248130244417952,0.14669880785921174,-0.14126446839935633,-0.3605170587848822,-0.12963305323474397,-0.15662429656516977,1.0,0.7492935737642732,-0.06468386509407598,-0.003355962382046555,-0.351340861254709,0.31942108795386726,-0.17901746445095243,-0.24475847001024292,0.045676274928465425,-0.3201703646338832,0.11471822456099778,-0.1960930658473229,0.44634935818075816,-0.22004206908389054,-0.459897124625213,0.0628183624865913,0.06711787429414046,-0.4507890566276961,-0.5136280922375366,-0.5529927091000578,-0.018258944864953813,0.04985151231089739,0.239663248658154,-0.4128668022377059,0.3702735699989878,0.19441794748994728,0.13043420760266078,-0.6337379610129057,0.050353686179222215,-0.4244079812754831,-0.1896569483372878
mark,-0.21168338252518543,0.21270901024167693,-0.24937319807007513,0.16192453158288103,0.3435393342857391,0.08639544596665094,-0.4172713202456514,0.9715276335132362,0.4491772065811633,-0.5927677886162537,0.1333697898277075,-0.19813867271321597,-0.14772581419374503,-0.1766027992574303,0.17207136996621827,-0.19726242471747932,-0.41828740086441335,0.20986368875588868,0.17554010686212052,0.7492935737642732,1.0,-0.3135834051272538,0.009225998345659316,-0.2497191415649432,-0.07897459787983048,-0.3555194562296453,-0.5178490310394889,0.05578975680581918,-0.29495725080667057,-0.19479642355319163,-0.3549338258214451,0.11272848809639058,0.036117926320689296,-0.020832907737246,-0.2919077924718213,0.0020680341605210173,-0.32621344855856016,-0.7266014386160305,-0.37844998243260963,0.041870734315259714,0.49577150077230625,0.2100806886739665,-0.30967218547951497,0.5340758558984534,0.0650773281828351,-0.07726553667798731,-0.516168418653386,0.20607183755175662,-0.5607429919130537,0.1796822425973864
det,0.46776818686426774,-0.4423203076088416,0.19443363839438263,-0.06543682838542844,-0.09762774608643925,0.3986514308810837,0.22195048724954394,-0.28270292148986637,-0.30786109737647,0.06966459049703365,0.08784514439924439,-0.4650656208912273,0.36053336482162796,-0.09120714048106093,0.32701138606989194,0.20195737807175662,-0.3267162131523533,-0.48406336842703496,-0.41159499228665225,-0.06468386509407598,-0.3135834051272538,1.0,-0.14841823045267843,0.030757674700017217,0.15475691972554462,-0.10921097810617551,0.3665645023678729,0.42023062078365214,-0.00922193161030873,-0.032086799853950326,-0.14703851985273664,-0.22558981651190263,0.2259151374329659,-0.21872726765389186,0.5428150865454665,0.42363563615902866,0.32955519671066863,0.05804253667548356,0.32793487093664087,-0.14410800322347475,-0.349029507976243,-0.5159022765954469,0.29582197866768145,-0.5463035251729501,0.06947813644953581,0.1772255518643056,-0.15241344545764485,-0.10392666960045127,0.34586359276771983,-0.4673775341083706
advcl:pred,-0.21297912905944408,0.15949509758946356,-0.527945760279523,0.13018207985107685,-0.20694781751511893,0.18845747189922482,-0.2461987735128741,-0.0574873998882512,0.37703072586158165,0.2580859470322232,0.015052288880406033,0.0986261444499519,-0.37071434962320393,-0.12000165079987189,0.34893401839453625,-0.08358691712354822,0.5634919133604083,0.6988804393016365,0.22049274110389327,-0.003355962382046555,0.009225998345659316,-0.14841823045267843,1.0,0.10905777660033295,-0.2828869369434018,0.2983247851214889,-0.4654852476172794,0.16728505679413452,-0.4145150681912794,0.05831413169275124,0.6328981064984951,0.18135280285042898,-0.16288818277868886,-0.25214331342720336,-0.27130457384453976,0.22955870284411267,-0.25563501004234207,0.11621499275715892,-0.3049409458713638,-0.3269804297608053,-0.1132083686971324,-0.20139371560495106,-0.48492958654608154,-0.1326009804002209,-0.20945506661301022,-0.3051426278643948,-0.1017356131330664,0.02628168255896989,-0.34939118117609574,0.10285325129283926
csubj,-0.044521088844594034,-0.1386530211349893,0.03803121287075872,0.2286989108564314,-0.3031084585221604,0.08307554009294223,0.016465859229356446,-0.2985996976619956,-0.20588167047494127,0.0147853633535227,0.20504486641105038,0.11433678450467533,0.18904113774425252,0.3640133220539904,0.4861219131849096,0.05998863788960914,0.1525412027908932,-0.0656368047592259,-0.09772946924105314,-0.351340861254709,-0.2497191415649432,0.030757674700017217,0.10905777660033295,1.0,-0.15976990101791277,-0.24578186021527712,0.2979789030354401,0.053039433899041664,-0.005062280308261139,-0.19544627190688665,-0.0048165817281897,-0.11627717136919764,0.16779288440220988,0.37054351155535625,0.25332233175095104,0.2257114760313576,0.4155200137951285,0.0629224874313401,0.15784610015181216,-0.1788716541756673,-0.26953564494829396,0.08429723203773058,0.3008892523757925,-0.06826504507377977,-0.4929800266377029,-0.3307207879956362,0.025235647439819923,-0.06655060170028701,0.4577382505591382,-0.12703894091793183
xcomp,0.42759533631646757,-0.35747268712236596,0.1265845616526979,0.12382392298656734,-0.03924527695422073,-0.18813775274163874,0.074010535423737,-0.013865362119399661,0.25613475100218325,-0.2554316606535244,0.01413411015068614,-0.134735471672276,0.13295740154619537,-0.26371489152983335,0.003925572910266548,-0.08618146815068176,0.09747925682116529,-0.28148763661685056,-0.3722117873662663,0.31942108795386726,-0.07897459787983048,0.15475691972554462,-0.2828869369434018,-0.15976990101791277,1.0,-0.28119532196452746,0.3115380305842057,-0.1939107486997665,-0.17857675236758827,0.09658365745469358,0.326506787044933,-0.19278362936282223,-0.11934770448292813,-0.19418768686994234,0.12455981941449744,0.023719845507544756,-0.26054645919525216,-0.21550875345259385,-0.2487066521595239,0.15834637078919547,-0.11543552137982777,-0.11420387843407019,-0.01101505103009335,0.3270867162298464,-0.06803936276621063,-0.014379737379860176,0.09870783651702122,0.11040394249440165,-0.12826639232785803,-0.35608052581443794
obl,-0.21004886150748822,0.2241713184626987,-0.4587177379657928,-0.2130492677469472,-0.1869192719482019,-0.1257702126127855,0.32634364122202214,-0.40587098064069954,0.12837468891375267,0.6240847491312411,-0.2529847520178931,-0.12400779321294081,0.04994267426551145,-0.39311256517091075,-0.14707844261169273,-0.11627291675306711,0.17598055531128093,0.10766933684514744,0.28824279528969704,-0.17901746445095243,-0.3555194562296453,-0.10921097810617551,0.2983247851214889,-0.24578186021527712,-0.28119532196452746,1.0,-0.1989743880372477,-0.12079153489027139,-0.10327380754262977,0.25678898453902027,0.3676473880489201,0.3734613510525591,-0.11510726455459452,-0.32108907320671365,-0.07549718461134393,-0.2398945889705208,0.03604253759017334,0.6188937480386857,-0.011034888544375367,-0.1937167627240813,-0.01752493790444726,0.16750140474919253,-0.49386693322283526,-0.027943677089198378,0.029898933079107924,0.11416473411950458,-0.16425451021193216,-0.23459038079041566,0.028133797966451858,0.2457657636781675
nmod,0.6491661189952902,-0.6991982448944851,0.19853304662753143,-0.39122737971505966,-0.2984157735837508,-0.014734653549494506,0.7221102302345627,-0.4043559690311913,-0.3835324591245284,-0.07477174305839007,-0.18284029540177707,-0.2008872174945219,0.37504394844172234,0.3360651608791355,0.06862605249144581,0.32613635903067556,-0.11850316342342769,-0.6351718713327984,-0.6891475959829916,-0.24475847001024292,-0.5178490310394889,0.3665645023678729,-0.4654852476172794,0.2979789030354401,0.3115380305842057,-0.1989743880372477,1.0,0.011464240967984556,0.5542779115212991,-0.12421390750127259,-0.164696420196727,0.06957544526394573,0.12622526942684617,0.2629095791362247,0.6250199006978583,0.19964779651443929,0.21643017767951556,0.07680637178246356,0.2605977339063889,-0.22944096867352617,-0.39538655298666164,-0.18951182224286275,0.4632894533436741,-0.2176968142831226,-0.10515701361214636,-0.12823843872964713,0.168310308449734,-0.41521801129193237,0.6139251007957068,-0.661005045151885
cc,0.5041295676524796,-0.5237691868810368,-0.2910452424752469,-0.41080173784914054,0.22974904280927,0.9962941419422333,0.14494180895930783,0.0851610690266675,-0.053294805153088425,0.06210110823096095,-0.5108105381138132,-0.23180776567859032,-0.15076790913367363,0.11560670048517713,0.13457228493003698,0.015188691907557176,-0.13472949706715265,-0.21453892999441568,-0.5156082092771944,0.045676274928465425,0.05578975680581918,0.42023062078365214,0.16728505679413452,0.053039433899041664,-0.1939107486997665,-0.12079153489027139,0.011464240967984556,1.0,0.02506734298650932,0.06383134786825757,-0.22565482458436367,0.137070649480487,-0.30768953175699265,-0.11417275682044406,0.09394991440480496,0.8922336685948516,0.09754932072321679,0.033450793421192254,-0.033096092597749434,-0.6593694091015265,-0.39641568810107136,-0.042302264424742136,0.056388255688800064,-0.2542281098671369,0.18524490112758624,-0.14671310255629946,-0.2806875506180199,-0.29963854172606236,-0.2222412475680217,-0.545517121444694
nsubj:pass,0.32618780156227944,-0.2439058892552393,0.21601614553918974,-0.3985728884051933,-0.07944017005478003,-0.008756783731282074,0.29888631963489154,-0.2866570142299425,-0.29935078950652166,0.18186204441236864,-0.3096431110838388,0.16012629323969504,0.12053619365452439,0.3468249243553396,-0.1542494649724425,0.22365499758824053,-0.12439292799645418,-0.47408262731802736,-0.3189124490697636,-0.3201703646338832,-0.29495725080667057,-0.00922193161030873,-0.4145150681912794,-0.005062280308261139,-0.17857675236758827,-0.10327380754262977,0.5542779115212991,0.02506734298650932,1.0,0.2995155774856719,-0.3387045569798803,0.05125644676108042,0.08303295075932095,0.08701907320618375,0.3342522524568813,-0.09813142074261004,0.3068769333313399,0.2440892205848101,0.14371308413086933,0.10711971202847405,-0.08848269124524204,0.23111713722845992,0.3206966945043487,-0.3576915545318471,0.5206758599107757,0.2274075903014918,0.32307262178016066,-0.37782223162700396,0.42604590798212544,-0.23146241683132646
discourse,0.05997531384969639,0.03335502029104082,-0.1266232560191818,-0.11040657744554487,0.16713792003470987,0.07397403898159935,-0.1830365717823282,-0.327627432813373,0.38109693622898616,0.5718288005894983,-0.22694529944998898,0.05983984343546425,0.2160057060400421,-0.5006560569851866,-0.20459230443056342,-0.17351337367015396,0.2893786563676037,-0.2084633308318393,-0.014434938573237972,0.11471822456099778,-0.19479642355319163,-0.032086799853950326,0.05831413169275124,-0.19544627190688665,0.09658365745469358,0.25678898453902027,-0.12421390750127259,0.06383134786825757,0.2995155774856719,1.0,0.07615045618546344,0.1404321704839997,-0.16137866893121486,-0.7791971500389676,0.29526314393603637,-0.06706310547152877,0.004927504259302452,0.4329068039944809,-0.35025138094447056,0.28095548132192294,-0.30686547442841355,0.6162171412955322,-0.2796908635252268,-0.2951658572776782,0.6003433991217442,0.3903031928782986,0.21272038161654633,-0.09134638873030392,-0.1262033720614563,0.0005899672193936632
csubj:pass,-0.06765156692258052,0.1130073390077818,-0.32990487718477735,0.2695059153230539,-0.40312206408490486,-0.2150805475705717,-0.08517968013917732,-0.3752532182673024,0.29696491984510137,0.258652635118134,0.0665832174339825,0.22814170007841408,-0.27598150315090003,-0.186543265025654,0.2091850461828071,-0.21278709947049979,0.6356788113130579,0.5044595621460685,0.1508253940592962,-0.1960930658473229,-0.3549338258214451,-0.14703851985273664,0.6328981064984951,-0.0048165817281897,0.326506787044933,0.3676473880489201,-0.164696420196727,-0.22565482458436367,-0.3387045569798803,0.07615045618546344,1.0,-0.14017455679732854,-0.12834048727766578,-0.178417287165384,-0.2775036221388011,-0.0573179003883678,-0.13342886034236665,0.24864919143248537,-0.17107757647464006,-0.0733702375369588,-0.061434099957214654,-0.26781887160101925,-0.45080529637344335,0.12699971005831506,-0.22396185110657796,-0.19944182296964325,0.1642485476656836,0.08575511523242563,-0.24116669698951468,0.10087246091168037
acl,0.2024791989436513,-0.3058634367006862,-0.5165173848337167,-0.586725807433381,0.20442788092362776,0.16669553758571098,0.44658269853191424,0.12200185311064689,0.5228655901898067,0.294034776569358,-0.663177762796532,-0.5728850072305753,-0.0025179906753997664,-0.38271908066310184,-0.16955993541213155,0.13554153035011277,-0.08367400040516285,-0.19258454111506637,-0.26226795237123757,0.44634935818075816,0.11272848809639058,-0.22558981651190263,0.18135280285042898,-0.11627717136919764,-0.19278362936282223,0.3734613510525591,0.06957544526394573,0.137070649480487,0.05125644676108042,0.1404321704839997,-0.14017455679732854,1.0,-0.606491578636395,-0.27220052400882505,0.10100543253089367,0.08265483460694954,-0.31148656456464685,0.21436198791568378,-0.3306612580085545,-0.4101207385090302,-0.4095851858492915,0.3134461623421918,-0.2515882144471982,-0.05977745633658495,0.1812331041746568,0.15235321497823756,-0.486920187287054,-0.3756975885849859,0.0635330419012889,-0.3106913380910066
expl:pass,-0.22337357665424923,0.235310810928402,0.1868653447343658,0.3429662335075615,-0.4549171213850249,-0.33695476037872085,-0.07604466376848369,0.011464682619066071,-0.4620554815184397,-0.33999176683561805,0.8036758213208571,0.21130159794367,0.4518540607352073,0.2743697213805367,0.4068114684553341,0.027018669590209862,-0.11669867980536316,0.1054599654667362,0.2314546166233044,-0.22004206908389054,0.036117926320689296,0.2259151374329659,-0.16288818277868886,0.16779288440220988,-0.11934770448292813,-0.11510726455459452,0.12622526942684617,-0.30768953175699265,0.08303295075932095,-0.16137866893121486,-0.12834048727766578,-0.606491578636395,1.0,0.20886261345636128,0.35373888639658274,-0.1807262266905672,0.2441556248632106,-0.3179931606008759,0.2375805416500207,0.25853477491922006,0.5092799375384408,-0.17825496660569945,0.005734194273705435,0.07367931836479231,-0.3378707092691392,-0.29832664442486484,0.18843259239050753,0.043623248102287585,0.13792880390141501,0.24028388060581843
amod,-0.02122700319551736,-0.05182955397496048,0.28043014227622926,-0.06592048237415224,-0.3081895875033535,-0.13505050167332536,0.23184511845874295,0.11611042049141514,-0.6177392473386222,-0.37017053476052747,0.20441631449347406,0.321783689034305,-0.0741673804257491,0.789481432527632,-0.03526181819423379,0.3364603285638756,-0.025444818108486096,0.17289597791869418,-0.05345499795706269,-0.459897124625213,-0.020832907737246,-0.21872726765389186,-0.25214331342720336,0.37054351155535625,-0.19418768686994234,-0.32108907320671365,0.2629095791362247,-0.11417275682044406,0.08701907320618375,-0.7791971500389676,-0.178417287165384,-0.27220052400882505,0.20886261345636128,1.0,-0.2000590329497914,0.013577397196585059,0.05484514961611976,-0.15478981197406827,0.31188904091677383,-0.08830410593119792,0.2887038080067937,-0.2714012299309138,0.3731245791414124,0.2791352507136533,-0.5449398334653832,-0.36218508878473077,0.24762131568287232,-0.1408999768185706,0.2708107995807472,0.010093660125371981
nummod,0.5277601617118243,-0.5754362535949398,-0.07021073560985056,-0.3598816044285246,-0.32090214980240955,0.09598779687855699,0.4736431225768279,-0.2809417843949928,-0.08064455466191438,0.18280584427377675,0.12774839827940518,-0.465385662866202,0.8481754329208145,-0.1698468776937188,0.2394970270661623,0.313966596557752,-0.12272201207517228,-0.5389363690806848,-0.5763688262425664,0.0628183624865913,-0.2919077924718213,0.5428150865454665,-0.27130457384453976,0.25332233175095104,0.12455981941449744,-0.07549718461134393,0.6250199006978583,0.09394991440480496,0.3342522524568813,0.29526314393603637,-0.2775036221388011,0.10100543253089367,0.35373888639658274,-0.2000590329497914,1.0,0.26696586162880587,0.18715051541791614,0.15665769363095333,0.018082515706776284,-0.006386551130609618,-0.47009596759730304,0.10808262375651305,0.019829493343510293,-0.35368006675557273,0.041930113024071326,0.1389056549001932,0.010120773897888765,-0.5005649838251552,0.4614122712719751,-0.5705337697731871
conj,0.6324129228312729,-0.7038219328121865,-0.3733068820055418,-0.39873895272550586,-0.0020231733562235447,0.8954238457694037,0.27603316132496736,0.07447054655308914,-0.03482595359281234,-0.08312244352090453,-0.3300130282648319,-0.2531869856778151,0.005735046857291579,0.16756990199874375,0.27275191387908604,0.07513577855837272,0.030459259998874506,-0.11841514152267371,-0.6797371232158569,0.06711787429414046,0.0020680341605210173,0.42363563615902866,0.22955870284411267,0.2257114760313576,0.023719845507544756,-0.2398945889705208,0.19964779651443929,0.8922336685948516,-0.09813142074261004,-0.06706310547152877,-0.0573179003883678,0.08265483460694954,-0.1807262266905672,0.013577397196585059,0.26696586162880587,1.0,-0.020577127819192294,-0.0851451900327996,-0.09034496679352759,-0.72567746000445,-0.4797988289081398,-0.15604192994049199,-0.013354274050258212,-0.118121284370764,-0.11954859001340308,-0.38406183554244333,-0.20360882363640756,-0.3762616380881923,-0.22401384100345423,-0.714557468863617
appos,-0.15571175055480013,0.14036867538152423,0.16093017384239383,0.3316912259347194,0.10913356962232115,0.1044347884964568,-0.06338153883105063,-0.42192899819765445,-0.3237658606465123,0.10241446440070612,0.05214463963604022,0.0323326636379656,0.04803798211848442,0.08500567159088077,0.23602863325577655,-0.4231654835083994,-0.44269982598235647,-0.3540858525478445,0.12963465180575912,-0.4507890566276961,-0.32621344855856016,0.32955519671066863,-0.25563501004234207,0.4155200137951285,-0.26054645919525216,0.03604253759017334,0.21643017767951556,0.09754932072321679,0.3068769333313399,0.004927504259302452,-0.13342886034236665,-0.31148656456464685,0.2441556248632106,0.05484514961611976,0.18715051541791614,-0.020577127819192294,1.0,0.14936297781598112,0.7422490078161924,-0.032424805868716974,-0.1736994514453835,0.033274233616456046,0.37601649750740684,-0.29866684540279625,0.2411341733000631,0.17736790262072588,-0.12130084935284116,0.20731216424402796,0.3655054760148367,0.1709670736580905
case,0.1125350954722464,-0.07440158162554254,-0.05204297334697926,-0.3958337694685178,-0.2805536220300541,0.02731689820987271,0.3137816980156271,-0.7501045976567889,-0.10506011462756953,0.9580234303042242,-0.33489438794356735,0.02756848813623493,0.2084066325357856,-0.14928872244677543,-0.2892158317200473,0.3126483385052018,0.4091893000226603,-0.12943581361389886,-0.06193945664288067,-0.5136280922375366,-0.7266014386160305,0.05804253667548356,0.11621499275715892,0.0629224874313401,-0.21550875345259385,0.6188937480386857,0.07680637178246356,0.033450793421192254,0.2440892205848101,0.4329068039944809,0.24864919143248537,0.21436198791568378,-0.3179931606008759,-0.15478981197406827,0.15665769363095333,-0.0851451900327996,0.14936297781598112,1.0,0.005135380085711075,0.0735609677460415,-0.42533495049824716,0.2110467619995876,-0.09834201190775271,-0.4512865710052645,0.2012773490917975,0.45056290111792513,0.30074045802056637,-0.44330258012873086,0.44447923723710425,-0.05475892378597594
xcomp:pred,-0.2408656540307907,0.1971542556132864,0.4275139001154214,0.26793381000388045,0.24074619469686734,-0.05495465497842357,0.05240052733515259,-0.36359499207866997,-0.6061125279176819,-0.12179625055591158,0.13855292539745534,0.14070718165660726,-0.13959053624967646,0.29841465077645496,-0.15132576627029426,-0.3042554101552091,-0.39860159721212524,-0.12679668414622,0.21082233973519476,-0.5529927091000578,-0.37844998243260963,0.32793487093664087,-0.3049409458713638,0.15784610015181216,-0.2487066521595239,-0.011034888544375367,0.2605977339063889,-0.033096092597749434,0.14371308413086933,-0.35025138094447056,-0.17107757647464006,-0.3306612580085545,0.2375805416500207,0.31188904091677383,0.018082515706776284,-0.09034496679352759,0.7422490078161924,0.005135380085711075,1.0,-0.05911832778995455,-0.137918861078312,-0.3783358256297284,0.6083904459347531,-0.3537154015616425,0.029732710371720733,0.036271692215790276,0.09345560740316838,0.39160210775313703,0.2991729738285842,0.2515657829535253
